001110011001003000000272
001110011001006-00000046
001110011001007000002208
001110011001010000256697
001110011001022000000045
001110011001029-00000893
001110011001040000001752
001110011001049000062000
001110011001072-00000482
001110011001077-00000006
001110011001079-00000008
001110011001091-00007298
001110011001094000000011
001110011001097-00000240
001110011001610000000327
001110011001677-00000222
001110011002022000000014
001110011002029000000020
001110011002040000000996
001110011002049000003042
001110011002072-00000111
001110011002094000000211
001110011002097-00000132
001110011011001000000008
001110011011022000000585
001110011011029000753168
001110011011040000024456
001110011011045000000004
001110011011049000026994
001110011011072-00017872
001110011011079-00017673
001110011011092000216693
001110011011094-00005002
001110011011097-00998628
001110011012092000022980
001110011014029000018594
001110011015049000000001
001110011022040000013770
001110011022049000000192
001110011022052000045422
001110011023040-00000015
001110011023049-00000288
001110011023052000021325
001110011031027000005420
001110011031029000005157
001110011031040000001106
001110011031049000081362
001110011031072-00000351
001110011031079-00000073
001110011031092000000050
001110011032001000000027
001110011032023000000025
001110011032029000001006
001110011032040000000287
001110011032045000000860
001110011032049000004412
001110011032094000005798
001110011041000-00005543
001110011041001000005659
001110011041002-00011418
001110011041006-00105184
001110011041029000000436
001110011041040000000731
001110011041045000002161
001110011041049000001314
001110011041094000000372
001110011042029000000001
001110011042040-00000015
001110011042049000002217
001110011071023000000105
001110011073097000000939
001110011079001000000014
001110011079023000000054
001110011079029000000029
001110011079040000003407
001110011079049000001070
001110011079072000000218
001110011079079-00001571
001110011079091000000086
001110011079092000000022
001110011079094000000638
001110011079097-00000534
001110011081048000021586
001110011081078-00128120
001110011083047000057991
001110011083077-00052738
001110011084046000003838
001110011084076-00008674
001110011101003000138562
001110011101005-00003609
001110011101006-00275623
001110011101007000141730
001110011101010047327130
001110011101022000018294
001110011101029000062415
001110011101040000756178
001110011101047000000973
001110011101048000000224
001110011101049001083639
001110011101051000075576
001110011101052000000142
001110011101059000000020
001110011101072-00107999
001110011101076-00013053
001110011101077000000005
001110011101078000000428
001110011101079-00088283
001110011101085-00000016
001110011101091000066400
001110011101092000000143
001110011101094000187044
001110011101097-00398644
001110011101510000000578
001110011101607-00000045
001110011101610000008092
001110011101640000000004
001110011101677-00000356
001110011101685-00003007
001110011102010-00005831
001110011102022000006530
001110011102029000005734
001110011102040000266157
001110011102045000000015
001110011102047000000062
001110011102048000000765
001110011102049000127598
001110011102052000000037
001110011102072-00064015
001110011102078-00000003
001110011102079-00006109
001110011102092000000415
001110011102094000025288
001110011102097-00002995
001110011103040000039274
001110011103047000000004
001110011103049000002021
001110011103052000023574
001110011103094000013314
001110011111002000013005
001110011111010000000880
001110011111022000458501
001110011111023000016473
001110011111027000005512
001110011111029000966381
001110011111040000995192
001110011111045000000153
001110011111046000000050
001110011111047000007314
001110011111048000022516
001110011111049001145516
001110011111052-00007206
001110011111072-00569994
001110011111078000000924
001110011111079-00532101
001110011111091000005099
001110011111092000046020
001110011111094000755308
001110011111097-00328159
001110011112002000145428
001110011112022-00000517
001110011112029008563580
001110011112040000092865
001110011112048000000040
001110011112049000000497
001110011112072-00015404
001110011112079-00011276
001110011112092002972302
001110011112094000000039
001110011112097-02278305
001110011113002000000064
001110011113029001279387
001110011113040000049848
001110011113049000000037
001110011113072-00000015
001110011113092000004765
001110011113097-00000865
001110011114002-00259043
001110011114029004403007
001110011114040000062946
001110011114045000001293
001110011114047000000026
001110011114048000000062
001110011114049000148839
001110011114052000004566
001110011114072-00025563
001110011114077-00033634
001110011114078-00000091
001110011114079-00000407
001110011114092000000147
001110011114094000000570
001110011114097-00000712
001110011115029000037705
001110011115040000094326
001110011115046000000003
001110011115047000000591
001110011115048000020972
001110011115049000062279
001110011115072-00160296
001110011115076-00010774
001110011115078-00038449
001110011115079-00017756
001110011115094000057906
001110011115097-00061124
001110011121006000071412
001110011121040000114339
001110011122029000000001
001110011122040000113275
001110011122052000320368
001110011123040000028795
001110011123052000067429
001110011131000-00054095
001110011131001001303323
001110011131002000000009
001110011131006-00001424
001110011131008000348284
001110011131023000000001
001110011131027000055538
001110011131029001072032
001110011131040000315295
001110011131045000009785
001110011131049000228757
001110011131052000000005
001110011131059000000001
001110011131072-00009351
001110011131077000000002
001110011131079-00002950
001110011131092000109974
001110011131094000000306
001110011131097-00000377
001110011132001000597918
001110011132002-00000234
001110011132006-00091396
001110011132008-00161162
001110011132022000000010
001110011132023000022724
001110011132027000000017
001110011132029000312746
001110011132040000041236
001110011132045000447444
001110011132046000000004
001110011132047000000024
001110011132048000000379
001110011132049001137238
001110011132052000000131
001110011132072-00002377
001110011132078-00000962
001110011132079-00008107
001110011132091-00000135
001110011132092000003614
001110011132094000034611
001110011132097000009122
001110011141000-00382754
001110011141001002330830
001110011141002000002444
001110011141005000004266
001110011141006-00021329
001110011141008-00135391
001110011141023000000002
001110011141027000000322
001110011141029000119685
001110011141040000386653
001110011141045000793835
001110011141047000000468
001110011141049000639945
001110011141071-00088003
001110011141072-00007908
001110011141077-00000229
001110011141079-00049260
001110011141092000000003
001110011141094000035827
001110011141097-00104450
001110011142001000001229
001110011142005000001840
001110011142008000008754
001110011142023000949389
001110011142029000000828
001110011142040000011267
001110011142047000000004
001110011142049000055507
001110011142052000000017
001110011142060000000001
001110011142071-00002934
001110011142072-00014825
001110011142079-00010775
001110011142094000007902
001110011142097-00005397
001110011171000000000200
001110011171040000192876
001110011171046000005144
001110011171049000004260
001110011171059000005842
001110011171072-00011084
001110011171079-01449266
001110011171091-00000078
001110011171094000000223
001110011171097-00010538
001110011172040000000015
001110011172079-00020275
001110011173094000011299
001110011173097-00960571
001110011179001000004745
001110011179002000002102
001110011179006000001769
001110011179008-00000254
001110011179010-00000863
001110011179022000000003
001110011179029000003701
001110011179040000379246
001110011179045-00000024
001110011179047000000005
001110011179048000000097
001110011179049000009042
001110011179052000000011
001110011179072-00312120
001110011179076-00091153
001110011179077-00006419
001110011179078-00253779
001110011179079-01020891
001110011179091000003590
001110011179092000001318
001110011179094000074980
001110011179097-00284025
001110011181048000637484
001110011181078-03842587
001110011182023-00000003
001110011182029000032382
001110011182040000001650
001110011182048000016103
001110011182049000002977
001110011182052000000709
001110011182072-00041989
001110011182079-00028493
001110011183047000092043
001110011183077-00343924
001110011184046000005569
001110011184076-00161569
001110011201007000000062
001110011201010000282765
001110011201022000001299
001110011201029000000536
001110011201040000004940
001110011201045000000022
001110011201048000000509
001110011201049000005963
001110011201072-00000099
001110011201079-00000113
001110011201091000000049
001110011201094000001601
001110011201097-00000004
001110011202022000000014
001110011202029000001708
001110011202040000001333
001110011202048000000840
001110011202049000002351
001110011202079-00000058
001110011202094000000041
001110011203040000000840
001110011211022000006846
001110011211023000000004
001110011211029000004710
001110011211040000000742
001110011211045000000007
001110011211048000001420
001110011211049000014160
001110011211052000000255
001110011211072-00000930
001110011211079-00000407
001110011211094000004794
001110011211097-00000003
001110011212029000000955
001110011212040000001845
001110011212078-00001748
001110011212092000000707
001110011214029000002105
001110011214040000000090
001110011214048000000012
001110011214049000000004
001110011215040000004009
001110011215048000001098
001110011215049000000103
001110011215094000002048
001110011215097-00000004
001110011231000-00000260
001110011231001000003174
001110011231008-00000406
001110011231027000000744
001110011231029000005660
001110011231040000002180
001110011231045000000002
001110011231048000000021
001110011231049000000301
001110011231072-00000003
001110011231079-00001771
001110011231092000000010
001110011232023000003187
001110011232029000002225
001110011232040000000107
001110011232045000004482
001110011232049000004843
001110011232079-00000085
001110011232094000000235
001110011241001000003734
001110011241008-00000294
001110011241023000000665
001110011241029000000714
001110011241040000004543
001110011241045000003027
001110011241048000003000
001110011241049000017124
001110011241071-00002248
001110011241072-00000118
001110011241078-00004230
001110011241079-00000274
001110011241094000000949
001110011241097-00000559
001110011242023000003580
001110011242040000000101
001110011242048-00000002
001110011242049000000722
001110011242072-00001631
001110011242078-00000613
001110011242079-00000042
001110011242094000000125
001110011242097-00000125
001110011271040000000030
001110011273094000000333
001110011273097-00000365
001110011279001000000105
001110011279029-00001291
001110011279040000007771
001110011279045000000516
001110011279046000008529
001110011279049000000998
001110011279072-00015987
001110011279077-00000083
001110011279078-00011562
001110011279079-00014050
001110011279094000001379
001110011279097-00010072
001110011281048000000013
001110011281078-00182400
001110011282040000000301
001110011282048000060806
001110011282072-00000408
001110011282079-00000526
001110011282094000000068
001110011283077-00002365
001110011301029000000005
001110011301040000001045
001110011301047000000223
001110011301048000002944
001110011301049000000189
001110011302040000001435
001110011302047000000003
001110011302048000000503
001110011302049000000016
001110011302094000000002
001110011311040000000393
001110011311047000119539
001110011311048000001129
001110011311049000000016
001110011312040000005368
001110011312048000092931
001110011312049000000014
001110011314040000000003
001110011314048000000933
001110011314049000000009
001110011315029000000009
001110011315040000000829
001110011315048000027019
001110011315049000000335
001110011315094000000004
001110011332023000000041
001110011332029000000026
001110011332040000000004
001110011332048000000011
001110011332049000000006
001110011332052000000001
001110011341040000000044
001110011373094-00481220
001110011373097000133613
001110011379040000004273
001110011379047000000007
001110011379048-00048049
001110011379049000001393
001110011381048004265170
001110011381078-00705514
001110011382048000000079
001110011383047000150918
001110011383077-00106751
001110011384046000000121
001110011384076-00001259
001110011401022000000001
001110011401029000000043
001110011401040000054131
001110011401049000152989
001110011402040000002966
001110011403040000000003
001110011411029000000276
001110011411040002538587
001110011411047000000205
001110011411048000001523
001110011411049000004005
001110011411072-00000006
001110011411079-00000442
001110011411094000001606
001110011411097-00000748
001110011412092000000057
001110011414029000001124
001110011414040000000032
001110011415040000007204
001110011415048000000003
001110011415049000000005
001110011431029000011983
001110011432023000000053
001110011432029000000029
001110011432040000000088
001110011432048000002326
001110011441040000006534
001110011479040000000650
001110011482029000006594
001110011482040001545889
001110011482049000007602
001110011483047000140490
001110011483077-00043702
001110012105186-00000136
001110013001008000612650
001110013001079-00006000
001110013001089-00615118
001110013002026-00001842
001110013002029000002017
001110013002040000000040
001110013002049000000267
001110013002079-00001400
001110013002094-00000185
001110013003000-00010075
001110013003040000000107
001110013003049000000175
001110013003079-00001500
001110013004000-00945482
001110013004022000000008
001110013004029000000026
001110013004040000000482
001110013004045000765543
001110013004049000158447
001110013004072-00000042
001110013004079-00000060
001110013004092000000006
001110013004094000000567
001110013005027000008292
001110013005029000004748
001110013005045000000355
001110013005049000000028
001110013099900-00015498
001110013099903000000136
001110013099907000000117
001110013099910000014832
001110013099922000000078
001110013099923000012189
001110013099929000000065
001110013099940000000777
001110013099945000004452
001110013099949000012763
001110013099972-00000175
001110013099979-00000006
001110013099994000000726
001110013101000001146638
001110013101023000000750
001110013101027000000394
001110013101029000000353
001110013101040000000715
001110013101045000009315
001110013101049000002501
001110013101076-00077263
001110013101077-00012500
001110013101078-00020481
001110013101079-00263761
001110013101086-01982805
001110013102000000003432
001110013102025000001866
001110013102026000000300
001110013102040000001302
001110013102045000001215
001110013102049000000067
001110013103000000237958
001110013103026000001995
001110013103040000297019
001110013103049000000593
001110013103079-00838600
001110013104000001070846
001110013104003000000233
001110013104007000001328
001110013104010000100019
001110013104022000000495
001110013104023000002809
001110013104027000008954
001110013104029000038723
001110013104040000005302
001110013104045002744436
001110013104047000000002
001110013104049001180541
001110013104052000000006
001110013104079-00097711
001110013104086-00107026
001110013104091000001362
001110013104092000000385
001110013104094000069365
001110013104097-00039510
001110013105000-00349546
001110013105007-00000072
001110013105010000014135
001110013105022000000035
001110013105023000000187
001110013105027000637260
001110013105029000309467
001110013105040000355713
001110013105045000066946
001110013105047000000100
001110013105049000137081
001110013105052000000002
001110013105072-00000228
001110013105076-00009152
001110013105078-00008944
001110013105079-00009489
001110013105086-00000692
001110013105091000001521
001110013105092000024007
001110013105094000002661
001110013105097-00004095
001110013199900000405180
001110013199901-00422817
001110013199908000000340
001110013199910000005765
001110013199922000000006
001110013199927000000134
001110013199929-00000033
001110013199940-00008412
001110013199945000022639
001110013199949000014903
001110013199979-00000847
001110013199991000003371
001110013199994000002113
001110013201076-00001210
001110013201079-00004956
001110013203079-00009135
001110013204022000000038
001110013204029000000001
001110013204040000002675
001110013204045000005298
001110013204049000000380
001110013204094000000023
001110013205027000000422
001110013205029000000363
001110013205045000000001
001110013299900000000619
001110013299976-00001500
001110013404040000000009
001110013405040000000002
001110021101003000013234
001110021101006-00000230
001110021101007000072774
001110021101009000000223
001110021101010007242808
001110021101022000003346
001110021101029000005268
001110021101040000226201
001110021101047000001006
001110021101048000000552
001110021101049000229185
001110021101052000000028
001110021101072-00017884
001110021101076-00002872
001110021101079-00031927
001110021101085-00000017
001110021101091000005711
001110021101094000038914
001110021101097-00015857
001110021101510000000227
001110021101540000000360
001110021101610000000471
001110021101640000000001
001110021101649000000002
001110021101677-00000062
001110021101685-00000272
001110021102010-00000602
001110021102022000000938
001110021102029000005585
001110021102040000055624
001110021102047000000025
001110021102048000000887
001110021102049000025325
001110021102072-00003442
001110021102079-00001582
001110021102092000000095
001110021102094000010255
001110021102097000000015
001110021103040000000324
001110021103049000000683
001110021103052000006171
001110021103094000005028
001110021111022000027766
001110021111023000000245
001110021111029000034456
001110021111040000179116
001110021111045000000001
001110021111047000000552
001110021111048000004592
001110021111049000091738
001110021111052000011734
001110021111072-00021290
001110021111079-00004701
001110021111091000000462
001110021111092000018035
001110021111094000066941
001110021111097-00002917
001110021112029000007460
001110021112040000073291
001110021112049000000002
001110021112092000029451
001110021112094000000057
001110021112097-00005492
001110021113029000000004
001110021114029000007490
001110021114040000000098
001110021114049000000068
001110021115040000015481
001110021115048000000055
001110021115049000000502
001110021122029000000006
001110021122040000000150
001110021122052000000085
001110021131000-00001165
001110021131001000032068
001110021131006-00001672
001110021131008-00005578
001110021131027000003734
001110021131029000220549
001110021131040000002168
001110021131045000000731
001110021131049000007396
001110021131072-00000089
001110021131079-00000780
001110021131092-00118007
001110021131094000000184
001110021132001000042451
001110021132006-00000240
001110021132008-00000233
001110021132023000001770
001110021132027000000051
001110021132029000004420
001110021132040-00012170
001110021132045000008259
001110021132049000043358
001110021132079-00000298
001110021132094000000566
001110021141000-00030860
001110021141001000295756
001110021141006-00000711
001110021141008000017110
001110021141023000000020
001110021141029000013814
001110021141040000114298
001110021141045000096268
001110021141047000000253
001110021141048000000049
001110021141049000222783
001110021141071-00010536
001110021141072-00000274
001110021141079-00000901
001110021141092000000005
001110021141094000029810
001110021141097-00002637
001110021142001000005770
001110021142005000000130
001110021142008000005770
001110021142023000066248
001110021142040000005428
001110021142046000000002
001110021142047000000020
001110021142048000000020
001110021142049000007857
001110021142071-00000066
001110021142072-00001081
001110021142079-00001837
001110021142094000000855
001110021142097-00000854
001110021171040000046560
001110021171046000000889
001110021171049000000799
001110021171059000000005
001110021171079-00102809
001110021171091000000078
001110021171094-00000012
001110021171097000000024
001110021172079-00000515
001110021173094000173331
001110021173097-00109406
001110021179001000000145
001110021179029000002656
001110021179040-00001667
001110021179046000000155
001110021179047000000114
001110021179048000000516
001110021179049000002125
001110021179059000000025
001110021179072-00028208
001110021179076-00044976
001110021179077-00000200
001110021179078-00033284
001110021179079-00040208
001110021179091-00000350
001110021179092000021704
001110021179094-00000006
001110021179097-00009254
001110021181048000071751
001110021181078-00195860
001110021182079-00001414
001110021183047000003525
001110021183077-00127605
001110021184046000000419
001110021184076-00058585
001110021282040000002875
001110021301040000000002
001110021301048000000005
001110021302047000000018
001110021302048000000509
001110021311048000000154
001110021315048000000328
001110021381048000097111
001110021381078-00010797
001110021383047000000248
001110021383077-00041436
001110021384046-00000201
001110021384076-00026295
001110021401040000014510
001110021402040000000648
001110021411040000011336
001110021414040000000019
001110021415040000000039
001110021415048000000001
001110021479040000000004
001110021482040000015435
001110023101000000019539
001110023101077-00000375
001110023101086-00019164
001110023104000000154342
001110023104007000000035
001110023104010000001303
001110023104022000000013
001110023104023000000348
001110023104027000000514
001110023104029000001029
001110023104040000000089
001110023104045000029239
001110023104049000135817
001110023104079-00004000
001110023105000-00015909
001110023105022000000005
001110023105027000006637
001110023105029000000278
001110023105040000006891
001110023105045000000649
001110023105049000000560
001120101001006-00000002
001120101001007000000119
001120101001010000005185
001120101001040000002249
001120101001052000000623
001120101001091000000064
001120101011001000000629
001120101011006000000014
001120101011007000000647
001120101011010000021901
001120101011022000000623
001120101011023000000004
001120101011029000017339
001120101011040000076394
001120101011045000000095
001120101011049000021777
001120101011052000967961
001120101011071-00000089
001120101011072-00002085
001120101011076-00001007
001120101011079-00065761
001120101011091000001185
001120101011094000003445
001120101042023000000178
001120101084076-00000396
001120101101007-00000367
001120101101010000181918
001120101101022000000028
001120101101029000000033
001120101101040000054703
001120101101049000002233
001120101101079-00014125
001120101101091000000100
001120101101094000000286
001120101101097-00010455
001120101101610000001444
001120101101649000000001
001120101102029000000007
001120101102040000001157
001120101102045-00000005
001120101102049000000262
001120101111002000000001
001120101111022000000246
001120101111029000026718
001120101111040000139446
001120101111049000004655
001120101111052004052688
001120101111072000004411
001120101111079-00014155
001120101111094000000014
001120101131001000000116
001120101131029000000775
001120101131040000000011
001120101131049000000029
001120101131072-00000149
001120101132023000000025
001120101132029000000046
001120101132040000000296
001120101132045000000015
001120101132049000008963
001120101141001000001133
001120101141029000000024
001120101141040000001713
001120101141045000000213
001120101141049000001107
001120101141071-00000709
001120101141079000000030
001120101141094000000035
001120101142023000000066
001120101142040000000020
001120101142049000000030
001120101171040000058460
001120101179001000000041
001120101179002000000013
001120101179029000022546
001120101179040000168921
001120101179049000000413
001120101179052003721986
001120101179072-00000002
001120101179079-00006599
001120101179094000000972
001120101179097-00000362
001120101383077-00000300
001120101401040000000020
001120101401049000000074
001120101402040000000001
001120101411049000000013
001120101431040000000005
001120101432029000000005
001120101432049000000021
001120101441040-00000056
001120101441047000000004
001120101441049000000001
001120101442023000000008
001120101442029000000002
001120101479040000080322
001120101479049000000223
001120101479052000001796
001120103099900-00000292
001120103099927000000292
001120111011022000000003
001120111011029000004472
001120111011040000001874
001120111011049000000188
001120111011052000295665
001120111011079-00000029
001120111101010000031382
001120111101040000000286
001120111101049000000002
001120111111029000005471
001120111111040000019382
001120111111049000000144
001120111111052001228741
001120111131029000000055
001120111131040000000331
001120111171040-00005005
001120111179029000004781
001120111179040000013964
001120111179052002116315
001120111179079-00000014
001120121011040000000069
001120121011052000640818
001120121011092000012943
001120121111029000005369
001120121111040000000570
001120121111052002672215
001120121179052002609066
001120131001010000001049
001120131011040-00000019
001120131011049000000046
001120131011052000147232
001120131011079-00000819
001120131083047000000249
001120131101040000000002
001120131111040000003771
001120131111052000630259
001120131111079-00003168
001120131132049000000001
001120131179040000000923
001120131179052000692442
001120141011022000000001
001120141011040000000629
001120141011052000176034
001120141011077-00133115
001120141101007000000022
001120141101010000001020
001120141101040000000009
001120141111040000031867
001120141111049000002155
001120141111052000661977
001120141111079-00212842
001120141132049000000020
001120141171040-00000694
001120141179052000204045
001120141179077-00293372
001120151011022000000001
001120151011040000000633
001120151011052000010976
001120151011079-00000049
001120151101007000000009
001120151101010000000329
001120151111040000001966
001120151111049000000018
001120151111052000063309
001120151171040000000083
001120151179052000057033
001120151179079-00000018
001120161179052000000002
001120171111040000001002
001120171179040000000642
001120171179052000000002
001120181011022000000001
001120181011029000000023
001120181011040-00000001
001120181011049000000010
001120181011052000013291
001120181101010000000082
001120181111029000000039
001120181111052000056534
001120181171040000000231
001120181179029000000041
001120181179052000055328
001120191011022000000002
001120191011040000000611
001120191011052000027914
001120191111040000002746
001120191111052000109449
001120191132040000000185
001120191171040000000606
001120191179052000110159
001120201001007000000055
001120201001049000000001
001120201003040000000882
001120201011010000005628
001120201011022000000040
001120201011029000000226
001120201011040000007376
001120201011049000003046
001120201011052-00000012
001120201011072-00000366
001120201011079-00000234
001120201011091-00000010
001120201011094000000005
001120201101007000000022
001120201101010000000167
001120201101029000000002
001120201101040000000126
001120201101091000001292
001120201101094000000228
001120201102049000000051
001120201111029000004030
001120201111040000008670
001120201111049000026170
001120201111052000029347
001120201111079-00028822
001120201111092000000513
001120201131001000000655
001120201131029000000567
001120201131040000000010
001120201131092000000180
001120201132040000003513
001120201132049000000102
001120201141049000000005
001120201141094000000150
001120201171040000003703
001120201179029000001095
001120201179040000011219
001120201179049000006513
001120201179052000011468
001120201182072-00000237
001120201381078000000002
001120201411040000000003
001120211011029000022132
001120211011049000000012
001120211011052-00000077
001120211111029000054125
001120211111052000035525
001120211179029000000008
001120211179049000000001
001120211179052000113219
001120221011052000005879
001120221111052000026686
001120221179052000030247
001120231011052000007259
001120231111052000031593
001120231179052000033130
001120241011029000002540
001120241011040000000007
001120241011049000000050
001120241011052000004725
001120241084076-00011146
001120241111040000000003
001120241111052000085277
001120241111079-00032629
001120241179029000002438
001120241179052000066769
001120241179072-00042033
001120251082052000009394
001120251083047000000173
001120251111029000067254
001120251111040000002162
001120251111049000031619
001120251111052000096538
001120251179029000022606
001120251179040000008950
001120251179052000043410
001120301011040000000634
001120301011052000001819
001120301101007-00000137
001120301101010000027774
001120301101022000000041
001120301101029000000025
001120301101040000001811
001120301101049000000020
001120301102010-00000024
001120301102029000000037
001120301102040000000543
001120301102049000000403
001120301102079-00000102
001120301103040000000045
001120301111022000000029
001120301111029000001832
001120301111040000003270
001120301111049000000746
001120301111079-00000018
001120301111094000003846
001120301131001000000974
001120301131027000000062
001120301131029000000343
001120301131040000000047
001120301131045000000002
001120301131049000000094
001120301131092000000145
001120301131094000000028
001120301132023000000010
001120301132027000000002
001120301132029000000188
001120301132040000000108
001120301132045000000271
001120301132049000000762
001120301132072-00000011
001120301141001000000114
001120301141029000000002
001120301141040000001018
001120301141045000000122
001120301141049000000312
001120301142040000000353
001120301142049000000064
001120301171040000002570
001120301171049000000001
001120301171059000004328
001120301173092000000002
001120301173097-00000081
001120301179029000000195
001120301179040000020853
001120301179049000000104
001120301179079-00004312
001120301183077-00008840
001120301383077-00015367
001120301401040000000002
001120301402040000000002
001150331001003000000087
001150331001006000000033
001150331001007000000197
001150331001010000030180
001150331001029000000001
001150331001040000000052
001150331001049000000001
001150331001091-00000418
001150331002022000000003
001150331002040000000202
001150331002049000000086
001150331002094000000026
001150331011022000000094
001150331011029000000167
001150331011040000006314
001150331011049000001258
001150331011079-00000220
001150331011092000000023
001150331011094000000008
001150331031029000000124
001150331032001000000048
001150331032029000000001
001150331032040000000003
001150331032049000000057
001150331032094000000013
001150331079029000000001
001150331101003000001184
001150331101006-00000006
001150331101007000001017
001150331101010000537630
001150331101022000002481
001150331101029000000692
001150331101040000019781
001150331101047000000479
001150331101049000014090
001150331101072-00012773
001150331101079-00001513
001150331101091000005603
001150331101094-00001636
001150331101097-00008395
001150331101610000000037
001150331102022000001647
001150331102029000000486
001150331102040000007220
001150331102049000014318
001150331102072-00001939
001150331102079-00000034
001150331102094000000384
001150331103040000000108
001150331111022000003398
001150331111029000001915
001150331111040000089502
001150331111046000001729
001150331111048000000220
001150331111049000038121
001150331111052000000776
001150331111072-00002585
001150331111078000000040
001150331111079-00017490
001150331111092000000003
001150331111094000001162
001150331111097-00001799
001150331131001000000523
001150331131008000000331
001150331131027000000111
001150331131029000014663
001150331131040000011313
001150331131049000000024
001150331131092000000142
001150331131094000000015
001150331132001000024828
001150331132023000000064
001150331132029000000280
001150331132040000037007
001150331132045000003837
001150331132049000098160
001150331132072-00000661
001150331132079-00094079
001150331132094-00006508
001150331141029000000078
001150331141040000002672
001150331141045000001066
001150331141049000000176
001150331141094000000538
001150331142023000002306
001150331142049000000028
001150331171040000019800
001150331173094000000267
001150331173097-00008686
001150331179029000000001
001150331179040000003554
001150331179078-00000048
001150331179079-00000108
001150331183047000000248
001150331381078-00000122
001150331401040000000004
001150341101003000002131
001150341101007000003174
001150341101010001018384
001150341101022000002631
001150341101029000002091
001150341101040-00001789
001150341101047000000044
001150341101049000002685
001150341101072-00000558
001150341101079-00001971
001150341101091000000397
001150341101094000000071
001150341101097-00012924
001150341101510000000278
001150341101607000000007
001150341101610000000055
001150341102022000000841
001150341102029000000552
001150341102040000009480
001150341102049000006015
001150341102072-00000338
001150341102079-00000012
001150341102092000000001
001150341102094000000190
001150341102097-00000018
001150341103052000000518
001150341103094000000284
001150341111022000001529
001150341111029000006561
001150341111040000004742
001150341111048000000252
001150341111049000042392
001150341111052000000132
001150341111072-00000555
001150341111078-00000005
001150341111079-00007583
001150341111092000000122
001150341111094000002689
001150341111097-00000011
001150341131001000006981
001150341131008000001311
001150341131029000015006
001150341131040000045466
001150341131092000000455
001150341131097-00000006
001150341132023000000013
001150341132029000000080
001150341132040000000463
001150341132045000000990
001150341132049000001006
001150341132094000000043
001150341132097-00000012
001150341141001000020201
001150341141029000000159
001150341141040000002495
001150341141045000003987
001150341141049000005250
001150341141071-00001377
001150341141077-00000005
001150341141079-00001377
001150341142023000002476
001150341142040000000372
001150341171040000037511
001150341171049000000001
001150341171079-00007413
001150341173094000522157
001150341179029000001384
001150341179040000012226
001150341179052000000020
001150341179072-00003424
001150341179079-00003188
001150341179094000000070
001150341179097-00000510
001150341181078-00008206
001150341182040000000033
001150341301040000000001
001150341302040000000026
001150341302048000000105
001150341401040000000294
001150341411040000001331
001150343104079-00015000
001150343105000000002278
001150343105027000000255
001150343105029000000732
001150343105040000000396
001150343105045000000774
001150351101003000000960
001150351101007000008713
001150351101010000244657
001150351101022000000600
001150351101029000000480
001150351101040000005796
001150351101049000002529
001150351101072-00000471
001150351101079-00000034
001150351101091-00002066
001150351101094000000115
001150351101097-00000585
001150351102022000000110
001150351102029000001204
001150351102040000001526
001150351102049000001907
001150351102072-00000048
001150351102094000000244
001150351102097-00000623
001150351103040000000337
001150351103052000000098
001150351111022000000447
001150351111029000001702
001150351111040000000343
001150351111049000002769
001150351111072-00000950
001150351111079-00000682
001150351111092000000039
001150351111094000000742
001150351131001000000044
001150351131008000000008
001150351131029000007801
001150351131040000000432
001150351131092000000025
001150351132029000000088
001150351132040-00000002
001150351132045000000274
001150351132049000000293
001150351132094000000041
001150351141001000000115
001150351141029000000149
001150351141040000000255
001150351141045000001282
001150351141049000005628
001150351141071-00000019
001150351141094-00000052
001150351142023000000319
001150351142049000000022
001150351171040000001001
001150351171079-00000430
001150351173094000093511
001150351179029000000177
001150351179040000012483
001150351179052000000017
001150351179072-00000346
001150351179076-00001104
001150351179077-00000300
001150351179079-00010455
001150351179097000000054
001150351181078-00000017
001150351182079-00000006
001150351184076-00000084
001150351401040000000478
001150351411040000000287
001150361101003000000793
001150361101006000000004
001150361101007000008212
001150361101010000591548
001150361101022000000920
001150361101029000000105
001150361101040000057535
001150361101049000013274
001150361101052000000070
001150361101072-00002133
001150361101079-00071046
001150361101091-00000084
001150361101094000002358
001150361101097-00020962
001150361101649000000026
001150361102022000000020
001150361102029000000102
001150361102040-00000383
001150361102049000005873
001150361102072-00000052
001150361102079-00000001
001150361102094000000103
001150361111022000000064
001150361111029000000861
001150361111040000017481
001150361111048000000283
001150361111049000310775
001150361111072-00000020
001150361111078-00000962
001150361111079-00015444
001150361111094000001742
001150361111097-00000043
001150361131000000016510
001150361131001000273723
001150361131027000003009
001150361131029000071214
001150361131040000000555
001150361131049000060427
001150361131072-00000595
001150361131079-00000068
001150361131092000004822
001150361131094000000242
001150361132001000015764
001150361132029000002883
001150361132040000278451
001150361132045000263715
001150361132047000000015
001150361132048000000489
001150361132049000550538
001150361132072-00048187
001150361132078-00000377
001150361132079-00000973
001150361132091000003003
001150361132094000013256
001150361132097-00009769
001150361141000-00003009
001150361141001000002235
001150361141006-00008378
001150361141029000000016
001150361141040000000798
001150361141045000004494
001150361141049000000200
001150361141094000000210
001150361171040000002638
001150361173094000246225
001150361173097-00020926
001150361179040000002835
001150361179072-00000021
001150361179077-00000206
001150361179078-00001158
001150361179079-00004098
001150361179092000000053
001150361179094000000070
001150361179097-00000272
001150361181048000000066
001150361181078-00000605
001150361381048000000542
001150361381078-00012679
001150361401040000000008
001150361402040000000018
001150363104040000000060
001150363104045000001154
001150363104049000001379
001150363105000000069371
001150363105022000000009
001150363105027000011390
001150363105029000001364
001150363105040000044664
001150363105045000026075
001150363105047000000038
001150363105049000025352
001150363105092000000095
001150363105094000001084
001150363199900-00000431
001150371101010000000125
001150371101040000006802
001150371101072-00000025
001150371111040-00007810
001150371111048000000049
001150371111049000004997
001150371111094000000055
001150371131029000000037
001150371131092-00000002
001150371132040000041871
001150371173094000049230
001160411001006000000002
001160411001007000000005
001160411001010000000456
001160411002022000000002
001160411002029000000009
001160411002040000000014
001160411002049000000425
001160411002077000000420
001160411002079-00006643
001160411011040000001765
001160411011049000000399
001160411011072-00001771
001160411011094000000712
001160411011097-00004489
001160411031029000000197
001160411031045000000008
001160411031049000000068
001160411032040-00004453
001160411032049000004453
001160411041001000004146
001160411041023000000005
001160411041029000000858
001160411041040000012798
001160411041045000004136
001160411041049000002137
001160411041071-00014028
001160411041072-00003411
001160411041079-00004794
001160411041094000002726
001160411041097-00001549
001160411042023000004880
001160411042040000000293
001160411042049000001815
001160411084046000013226
001160411101010000000349
001160411101040000000296
001160411101049000000488
001160411101094000000159
001160411111029000000593
001160411111040000058463
001160411111048000000115
001160411111049000001176
001160411111092000000013
001160411131029000000066
001160411131040-00000176
001160411131072-00000010
001160411131079-00000029
001160411132029000000009
001160411132045000000007
001160411132047000000100
001160411132049000000160
001160411141000-00004707
001160411141001000000246
001160411141040000002092
001160411141045000000002
001160411141047000000008
001160411141049000000142
001160411141071-00000328
001160411141077000000004
001160411141079-00000078
001160411141094000000002
001160411142023000000031
001160411142029000000005
001160411142040000000070
001160411142071-00000029
001160411171040-00002716
001160411179040000003036
001160411179048000001812
001160411179049000000524
001160411179052000000003
001160411179079-00000021
001160411179092000000158
001170501073005-00086199
001170501073091000410986
001170501073092000026839
001170501073094000740303
001170501173005000038094
001170501173091-00001621
001170501173092-00000054
001170501173094001887421
001170501173097000001689
001170503099900-00041151
001170503099992000001843
001170503099994000037741
001170503199905000005274
001170503199994-00002784
001170503199997-00000004
001180601073004000000006
001180601073094000075378
001180601173006-00000040
001180601173094000093512
001180601173097-00007420
001190907079086-14885022
001190907084086-09908292
001190907184086-51406799
001190907384086-20729976
001190927083385-04955754
001190927083585-00005756
001190927083685-00018161
001190927083785-00011100
001190927183385-10168403
001190927183585-00013907
001190927183685-00054628
001190927183785-00025070
001190927383385-04379570
001190927383585-00006656
001190927383685-00016482
001190927383785-00022663
001190937079086-00230556
001190937084086-00155076
001190937184086-00792876
001190937384086-00321492
001210011001003000002799
001210011001006000000327
001210011001007000001972
001210011001010000587745
001210011001022000000139
001210011001029000000415
001210011001040000007038
001210011001049000007491
001210011001072-00000134
001210011001077000000014
001210011001079-00002685
001210011001091-00006222
001210011001092000000004
001210011001094000000570
001210011001097-00000798
001210011001610000000296
001210011001677-00000153
001210011002022000000011
001210011002029000000523
001210011002040000003343
001210011002049000002685
001210011002079-00001060
001210011002094000000199
001210011003040000000022
001210011003094000001815
001210011011001000000026
001210011011006-00000107
001210011011022000006634
001210011011029000007903
001210011011040000007874
001210011011049000024838
001210011011052000000979
001210011011072-00006636
001210011011079-00001459
001210011011092000000198
001210011011094-00000129
001210011011097-00000283
001210011031029000006203
001210011031040-00000182
001210011031045000000832
001210011031049000000344
001210011031072-00000028
001210011031079-00000418
001210011031094-00000492
001210011032023000000756
001210011032029000009381
001210011032040000001151
001210011032045000001075
001210011032049000004440
001210011032072-00000060
001210011032079-00000004
001210011032094000001002
001210011041001000026119
001210011041029000003639
001210011041040000006344
001210011041045000003006
001210011041049000013056
001210011041071-00002369
001210011041072-00000663
001210011041079-00000785
001210011041094-00002340
001210011041097-00001970
001210011042023000008141
001210011042040000000260
001210011042049000000671
001210011042079-00000001
001210011042094000000043
001210011071040000000023
001210011071049000000017
001210011073094000000725
001210011079000-00000084
001210011079007000000007
001210011079010-00000208
001210011079029000000011
001210011079040-00000717
001210011079049000000387
001210011079071-00000038
001210011079072-00000365
001210011079077-00000175
001210011079079-00001815
001210011079089-00000423
001210011079094000006448
001210011083077-00715464
001210011084076-00032649
001210011101003000004881
001210011101005000000310
001210011101007000021579
001210011101010002480964
001210011101022000001329
001210011101029000017604
001210011101040000042423
001210011101049000068309
001210011101072-00004962
001210011101079-00001836
001210011101091000017915
001210011101094000028270
001210011101097-00021860
001210011101607000000032
001210011101610000002600
001210011102022000001103
001210011102029000001027
001210011102040000009645
001210011102049000014958
001210011102072-00008195
001210011102077-00000003
001210011102079-00000341
001210011102086000000003
001210011102092000000017
001210011102094000001596
001210011102097-00000319
001210011103029000000008
001210011103040000008030
001210011103049000000004
001210011103052000000899
001210011103091000000007
001210011103097-00000007
001210011111022000048882
001210011111023000000001
001210011111029000047104
001210011111040000029762
001210011111045000000123
001210011111049000028198
001210011111052000005113
001210011111060000000823
001210011111072-00023525
001210011111076-00000009
001210011111079-00016100
001210011111092000000105
001210011111094000003237
001210011111097-00001409
001210011131000-00002251
001210011131001000012308
001210011131008-00000001
001210011131023000000010
001210011131027000004859
001210011131029000033005
001210011131040000001213
001210011131045000000352
001210011131049000000421
001210011131072-00000105
001210011131079000000180
001210011131092000000120
001210011131094000000268
001210011131097-00000279
001210011132001000003267
001210011132006-00000360
001210011132023000003368
001210011132029000006561
001210011132040000013440
001210011132045000011086
001210011132049000019124
001210011132060000000199
001210011132072-00000012
001210011132079-00000741
001210011132094000000554
001210011132097-00000354
001210011141000-00002181
001210011141001000086269
001210011141005000000172
001210011141008-00001526
001210011141023000000014
001210011141029000008069
001210011141040000026084
001210011141045000042308
001210011141049000025604
001210011141060000005240
001210011141071-00000892
001210011141072-00000269
001210011141079-00003285
001210011141094000004307
001210011141097-00001739
001210011142023000033354
001210011142029000000885
001210011142040000002662
001210011142049000005032
001210011142079-00000228
001210011142094000000653
001210011142097-00000653
001210011171040000000742
001210011171049000000081
001210011171079-00001616
001210011171086-00000758
001210011172079-00000118
001210011173094000006499
001210011173097-00001205
001210011179000-00000161
001210011179001000000234
001210011179006000000201
001210011179029000002283
001210011179040-00006104
001210011179049000000424
001210011179052000000798
001210011179059000000132
001210011179072-00008898
001210011179076-00002128
001210011179077-00000765
001210011179078-00000585
001210011179079-00020049
001210011179091000000019
001210011179094-00002775
001210011179097-00002890
001210011182022000004291
001210011182040000002518
001210011182072-00007677
001210011183077-02212891
001210011184076-00057783
001210011184086-00002380
001210011201003000000074
001210011201007000001793
001210011201010000407727
001210011201022000000107
001210011201029000000723
001210011201040000005886
001210011201045000000005
001210011201048000000200
001210011201049000001189
001210011201072-00000043
001210011201077-00005094
001210011201079-00000140
001210011201091-00000019
001210011201094000004902
001210011201097-00000049
001210011201607000000003
001210011201610000000022
001210011202022000000063
001210011202029000000042
001210011202040000002591
001210011202049000001241
001210011202072-00000050
001210011202094000000129
001210011202097000000001
001210011203040000000088
001210011203094000000031
001210011211022000006986
001210011211023000000003
001210011211025000000005
001210011211029000009005
001210011211040000008131
001210011211045000000010
001210011211048000000109
001210011211049000005355
001210011211052000000740
001210011211072-00005427
001210011211079-00003745
001210011211092000000189
001210011211094000000126
001210011211097-00000033
001210011231001000002797
001210011231008000000034
001210011231023000000001
001210011231027000000080
001210011231029000003651
001210011231040000000108
001210011231049000000010
001210011231092000000028
001210011231094000000050
001210011232001000000343
001210011232006-00000003
001210011232023000000590
001210011232029000001269
001210011232040000002817
001210011232045000002469
001210011232049000002054
001210011232060000000007
001210011232079-00000318
001210011232094000000059
001210011232097000000069
001210011241001000003950
001210011241023000000001
001210011241029000001311
001210011241040000015581
001210011241045000002454
001210011241048000000259
001210011241049000005321
001210011241071-00000274
001210011241072-00000020
001210011241079-00000225
001210011241094000000378
001210011242023000006719
001210011242029000000164
001210011242040000001036
001210011242047000000033
001210011242048000000047
001210011242049000001081
001210011242079-00000148
001210011242094000000610
001210011271040000000023
001210011271079-00000167
001210011272059-00000167
001210011273092000000030
001210011273097-00003368
001210011279001000000113
001210011279029000000377
001210011279040000000519
001210011279048000000237
001210011279060000000078
001210011279078-00000401
001210011279079-00000171
001210011279094000001909
001210011279097-00001909
001210011281078-00000803
001210011282022000005122
001210011282040000000559
001210011282072-00006079
001210011283077-00533595
001210011284076-00000920
001210011381048000000244
001210011383077-00682426
001210011384076-00019182
001210011401040000001193
001210011402040000000285
001210011411040000004168
001210011432040000000006
001210013003004000000009
001210013004022000000019
001210013004029000000023
001210013004040000000170
001210013004045000023353
001210013004047000000012
001210013004049000002314
001210013004072-00003098
001210013004094000004671
001210013004097-00004388
001210013005000000044888
001210013005004000000085
001210013005027000002429
001210013005029000000520
001210013005040000000002
001210013005079-00000044
001210013099900-00000294
001210013099927000000294
001210013099947000000020
001210013104000000008960
001210013104023000000136
001210013104027000000043
001210013104029000000002
001210013104040000001638
001210013104045000038949
001210013104049000004921
001210013104091000000007
001210013104092000000015
001210013105000-00031718
001210013105023000000528
001210013105027000002284
001210013105029000000176
001210013105040000001459
001210013105045000001522
001210013105049000000378
001210013105060000000128
001210013105091000000380
001210013105094000002854
001210013199900-00004009
001210013199927000000097
001210013199929000000008
001210013199940000000110
001210013199945000002571
001210013199949000001031
001210013199960000000038
001210013204000-00003502
001210013204040000000003
001210013204045000001742
001210013204049000000551
001210013205000000002376
001210013205027000000764
001210013205029000000880
001210013205040000000611
001210013205045000002326
001210013205049000000335
001210301141040000001764
001210301150371-00001759
001210301173094-00000005
001260401001007000000232
001260401001010000016677
001260401001040000000026
001260401001049000000044
001260401001079-00000020
001260401001091-00000862
001260401002022000000002
001260401002040000000597
001260401002049000000238
001260401002094000000004
001260401011022000000069
001260401011029000000017
001260401011040000000069
001260401011049000000064
001260401011094000000063
001260401031029000000227
001260401032001000000040
001260401032004000000024
001260401032040000000051
001260401032049000000171
001260401079049000000019
001260401101003000001039
001260401101007-00000866
001260401101010000118625
001260401101022000000041
001260401101029000000061
001260401101040000021450
001260401101049000000707
001260401101072-00000047
001260401101079-00000001
001260401101091000005254
001260401101094000000173
001260401101097-00000840
001260401101610-00000050
001260401102022000000018
001260401102029000000011
001260401102040-00000442
001260401102049000001510
001260401102094000000368
001260401102097-00000254
001260401103040000000010
001260401111022000000205
001260401111029000000377
001260401111040000001016
001260401111049000001771
001260401111072-00000050
001260401111079-00000103
001260401111092000000023
001260401111094000000289
001260401111097-00000161
001260401131001000000028
001260401131029000001225
001260401131040000000029
001260401131049000000889
001260401131072-00000022
001260401131094000000011
001260401132001000000749
001260401132023-00000041
001260401132029000000315
001260401132040000000957
001260401132045000000010
001260401132049000001989
001260401132060000000019
001260401132094000000029
001260401141001000000130
001260401141029000000011
001260401141040-00000214
001260401141045000000332
001260401141049000002522
001260401141060000000027
001260401141071-00000204
001260401141094-00000021
001260401142023000000278
001260401142040-00000077
001260401142049000000019
001260401171040000000001
001260401179022000000001
001260401179029000000048
001260401179040000000609
001260401179049000000524
001260401179072-00000001
001260401179076-00000004
001260401179077000000317
001260401179097-00000035
001260401183077-00031963
001260401184076-00000207
001260401201007000000037
001260401201010000003821
001260401201029000000085
001260401201040000004240
001260401201049000000200
001260401201072-00000047
001260401202029000000003
001260401202040-00000384
001260401202049000000312
001260401202094000000125
001260401211022000000393
001260401211029000000343
001260401211040-00000521
001260401211049000000196
001260401211052000000001
001260401211072-00000149
001260401211092000000006
001260401211094000000001
001260401211097-00000168
001260401231029000000652
001260401231092000000043
001260401232001000000088
001260401232023000000028
001260401232029000000727
001260401232040-00001699
001260401232045000000008
001260401232049000000264
001260401232060000000001
001260401241001000000112
001260401241029000000078
001260401241040-00002007
001260401241045000000119
001260401241049000002005
001260401241060000000022
001260401241094-00000046
001260401242023000000527
001260401242040-00000621
001260401242049000000124
001260401381078-00000104
001260401383077-00004052
001260401401040000000004
001260501101040-00000062
001260501101049000000013
001260501101052000000089
001260501103040-00007644
001260501103049000000574
001260501103052000007030
001260501132040000000021
001260501132049000000003
001260501141040-00000029
001260501141049000000006
001260501179040000002751
001260501183077-00016381
001260501184076-00000115
001270601073091000015978
001270601073092000001043
001270601073094000027745
001270601173005000006390
001270601173094000055793
001270603099992000000075
001270603099994000001535
001280701073004000012336
001280701073094000000000
001280701173004000004044
001280701173094000012180
001280701273004000000167
001290907083185-00315068
001290907083285-00003029
001290907183185-00040596
001290907183285-00009535
001290907383185-00018479
001290917079086-00000822
001290917184086-00001093
001310011000140000020318
001310011000149000000048
001310011000159000251285
001310011000179-00027811
001310011000189-00093326
001310011000194000003037
001310011100149000000405
001310011100159001154360
001310011101003-00000028
001310011101051000008128
001310011111040000055014
001310011111049000004470
001310011171059000317549
001310011179008-00006439
001310011179040000019020
001310011179051000023321
001310011179076-00060900
001310011179079-00002633
001310011181048000002633
001310011184003-00022913
001310011184076-00080364
001320101011040000000103
001320101011049000000120
001320101011059000005010
001320101011079-00000220
001320101100159000031905
001320101111029000000011
001320101111040000000589
001320101111049000001065
001320101111094000000020
001320101171059-00000025
001320101171079-00000100
001330201011040-00005026
001330201111040-00004638
001330201111049000004638
001330221011040000015176
001330221011049000001460
001330221011079-00001846
001330221011094000006000
001330231011040000004289
001330231011049000001562
001330231011072-00000104
001330231011079-00000019
001330231011094-00000037
001330241011040000004935
001330241011049000000065
001340301011040-00000273
001340301011049000002054
001340301011059000008198
001340301100159000054317
001340301111040000001257
001340301111049000000451
001340301111094000000005
001340301171059000000081
001340301179078-00000220
001350401011029000001146
001350401011040000002619
001350401011045000001515
001350401011049000020057
001350401011094000000005
001350401084076-00000106
001350401101010000022980
001350401101022000000002
001350401101029000000016
001350401101040000000369
001350401101049000000262
001350401101079-00000074
001350401102029000000012
001350401102040000000088
001350401102049000000322
001350401102072-00000033
001350401111022000000003
001350401111029000012338
001350401111040000009340
001350401111045000029361
001350401111048000000139
001350401111049000232266
001350401111052000000043
001350401111092000000001
001350401111094000000034
001350401131000-00000265
001350401131001000000302
001350401131029000003723
001350401131040000000573
001350401131049000000069
001350401131079-00000155
001350401131092000000176
001350401132001000000109
001350401132023000000225
001350401132029000000266
001350401132040000002398
001350401132045000000392
001350401132048-00000155
001350401132049000003995
001350401132092000000006
001350401132094000000261
001350401141029000000047
001350401141040000000569
001350401141045000001663
001350401141047000000039
001350401141049000001447
001350401142023000003009
001350401142040000000286
001350401142049000001547
001350401142079-00000118
001350401171040000005173
001350401171048000000150
001350401171049000000034
001350401171076-00030000
001350401172081-00000190
001350401179026000000286
001350401179029000000001
001350401179040000029884
001350401179048000002104
001350401179049000000060
001350401179079-00011454
001350401179094000002010
001350401179097-00002015
001350401184076-00012689
001350401381078-00000500
001350401384076-00003165
001350401384086-00021260
001350401401040000000001
001350403103026000001800
001350411011040-00000350
001350411011049000003580
001350411011079-00000002
001350411101040000000011
001350411101049000000001
001350411102049000000037
001350411111029000000465
001350411111040000000428
001350411111048000000020
001350411111049000009569
001350411111092000000001
001350411111094000000001
001350411132029000000067
001350411132048000000404
001350411132049000000083
001350411179040000000006
001350411179079-00000045
001360501011029000000002
001360501011040000008505
001360501011049000008556
001360501011079-00006760
001360501011097-00002900
001360501079079-00000286
001360501101007000000389
001360501101010000017036
001360501101022000000221
001360501101029000000010
001360501101040000001586
001360501101049000000126
001360501102029000000041
001360501102040000000111
001360501102049000000306
001360501102079-00000198
001360501103040000001379
001360501111022000000173
001360501111029000000453
001360501111040000002860
001360501111049000040177
001360501111072-00000029
001360501111079-00002868
001360501111094000000243
001360501131029000000126
001360501131040000000111
001360501131049000000100
001360501132029000000072
001360501132040000000091
001360501132049000000177
001360501141001000000044
001360501141029000000010
001360501141040000000047
001360501141049000000793
001360501142023000000061
001360501142049000000053
001360501171040000000997
001360501171049000003614
001360501171059000017165
001360501171078-00005890
001360501171079000007308
001360501172059000036970
001360501172079-00056249
001360501172081-00000518
001360501179006000000040
001360501179040000014690
001360501179049000000071
001360501179059000044804
001360501179072-00006578
001360501179076-00000300
001360501179077-00000837
001360501179079-00011879
001360501381078-00005325
001360501384086-00001285
001360501401040000000026
001360511001007-00000247
001360511001010000032078
001360511001040000000440
001360511001079-00001067
001360511001091000001356
001360511001677-00000028
001360511002029000000013
001360511002040000000121
001360511002049000000103
001360511011022000000136
001360511011029000000252
001360511011040000000680
001360511011049000000460
001360511011072-00000067
001360511011079-00000049
001360511011092000000017
001360511011094000000079
001360511031029000000276
001360511032029000000035
001360511032040000000053
001360511032049000000151
001360511101003000000062
001360511101005-00003725
001360511101007-00000941
001360511101010000233306
001360511101022000000372
001360511101029000000107
001360511101040000004266
001360511101049000000652
001360511101052000000001
001360511101091000000657
001360511101094000000548
001360511101097-00004928
001360511101510000008334
001360511101540000003541
001360511102022000000009
001360511102029000000017
001360511102040000000862
001360511102049000002768
001360511102094000000159
001360511103040000000055
001360511111022000000084
001360511111029000000687
001360511111040000001224
001360511111045000000002
001360511111049000009796
001360511111072-00000497
001360511111079-00000002
001360511111092000000004
001360511111094000000643
001360511131001000000136
001360511131029000001677
001360511131040000000061
001360511131049000000017
001360511131092000000001
001360511132023000000054
001360511132029000000437
001360511132040000002269
001360511132045000000119
001360511132049000000249
001360511132079-00000005
001360511132094000000045
001360511141029000000002
001360511141040000000053
001360511141045000000071
001360511141049000000067
001360511142023000000022
001360511171040000002096
001360511171049000000191
001360511179029000000002
001360511179040000000132
001360511179049000000010
001360511179078-00000003
001360511179079-00000183
001360511184076-00001184
001360511401040-00000002
001360511402040000000005
001370631073005-00002381
001370631073091000010855
001370631073092000000709
001370631073094000037873
001370631073097-00023457
001370631173005000003833
001370631173091000001663
001370631173094000061935
001370633099900-00001137
001370633099992000000051
001370633099994000001043
001370633199905000003733
001370633199997-00003733
001380701173094000003121
001380701173097-00000151
001390907079086-00385032
001390907084086-00190524
001390907184086-00994476
001390907384086-00318492
001390917083085-00079704
001390917179085-00091200
001390917183085-00340884
001390917383085-00133404
001410011011059000001342
001410011101022000000002
001410011101029000000001
001410011101040000000040
001410011101049000000002
001410011102040000000001
001410011111040000000085
001410011111049000000012
001410011131001000000075
001410011132029000000003
001410011132040000000007
001410011132045000000020
001410011132049000000002
001410011171040000004257
001410011171059000004955
001410011179040000000003
001410011179059-00000016
001410021001040000000026
001410021001049000000278
001410021004010000009410
001410021004022000000305
001410021004029000000001
001410021004040000002136
001410021004049000000509
001410021004079-00000028
001410021004094000000004
001410021011029000000018
001410021011040000000171
001410021011049000000034
001410021031029000000197
001410021032049000000066
001410021101007-00000018
001410021101010000008298
001410021101022000000028
001410021101029000000006
001410021101040000003695
001410021101048000000035
001410021101049000000305
001410021101094000000064
001410021101097-00000031
001410021102029000000001
001410021102040000000667
001410021102049000000585
001410021102094000000019
001410021104010000027540
001410021104029000000037
001410021104040000002064
001410021104049000000244
001410021104059000000293
001410021111022000000020
001410021111029000000557
001410021111040000001635
001410021111049000001754
001410021111079-00000012
001410021111092000000001
001410021111094000000884
001410021111097-00000001
001410021131029000000510
001410021131040000000002
001410021131049000000123
001410021132029000000005
001410021132040000000005
001410021132045000000008
001410021132049000000657
001410021132094000000008
001410021171040000002935
001410021179040000000000
001410021179072-00000005
001410021179079-00000052
001420121001006-00000011
001420121001007000000888
001420121001010000099608
001420121001029000000005
001420121001040000000038
001420121001049000000264
001420121001072-00000003
001420121001091-00000608
001420121001094000000079
001420121001097-00000045
001420121002022000000010
001420121002029000000131
001420121002040000001303
001420121002049000004372
001420121002072-00000030
001420121002079-00000174
001420121002092000000008
001420121002094000000156
001420121002097-00002629
001420121011010000002960
001420121011022000000377
001420121011029000000360
001420121011040000014382
001420121011049000008467
001420121011079-00009372
001420121011092-00000072
001420121011094000000213
001420121011097-00000415
001420121031029000000711
001420121031049000000043
001420121032001000004253
001420121032029000000013
001420121032040000000071
001420121032045000000145
001420121032049000001386
001420121032092000000002
001420121032097-00000060
001420121041001000000031
001420121041006-00000026
001420121041029000000270
001420121041040000008731
001420121041049000000259
001420121041079-00010173
001420121079040000000010
001420121101003000004056
001420121101005-00001819
001420121101006-00000020
001420121101007000007905
001420121101010001200331
001420121101022000002758
001420121101029000006112
001420121101040-00009485
001420121101045000000048
001420121101047000000004
001420121101049000023409
001420121101060000011074
001420121101072-00002559
001420121101078-00000013
001420121101079-00000811
001420121101091000002359
001420121101092000001178
001420121101094000010164
001420121101097-00024571
001420121101607000000002
001420121101610000000047
001420121101677-00000292
001420121102022000000019
001420121102029000001185
001420121102040000009350
001420121102048000000004
001420121102049000019812
001420121102072-00000662
001420121102079-00005990
001420121102092000000176
001420121102094000003482
001420121102097000000064
001420121103006000016017
001420121103040-00038557
001420121103049000002251
001420121103052000042531
001420121103094000000086
001420121111002000000063
001420121111022000007963
001420121111029000012945
001420121111040-00008189
001420121111045000000009
001420121111048000000042
001420121111049-00011061
001420121111072-00019470
001420121111078000000013
001420121111079-00007463
001420121111092000000825
001420121111094-00001705
001420121111097-00014055
001420121131000-00003162
001420121131001000028497
001420121131002000000343
001420121131027000001214
001420121131029000007551
001420121131040000001113
001420121131045000000063
001420121131049000002040
001420121131072-00001625
001420121131079-00000912
001420121131092000000947
001420121131094000000061
001420121131097-00000010
001420121132001000055539
001420121132006-00020418
001420121132023000000234
001420121132029000012550
001420121132040-00020667
001420121132045000015265
001420121132049000226913
001420121132072-00006682
001420121132079-00022397
001420121132092-00001652
001420121132094000006363
001420121132097-00008870
001420121141000-00000851
001420121141001000031603
001420121141005-00006408
001420121141029000000811
001420121141040000019900
001420121141045000009116
001420121141049000030792
001420121141071-00000465
001420121141072-00000231
001420121141079-00003847
001420121141094000004713
001420121141097-00007696
001420121142023000009832
001420121142040000000005
001420121142045000000014
001420121142049000001098
001420121142060-00000001
001420121142072-00000055
001420121142079-00000284
001420121142094-00000018
001420121171040000077381
001420121171049000000505
001420121171079-00000957
001420121172081-00001414
001420121179001000000035
001420121179002000000023
001420121179029000000147
001420121179040000002674
001420121179049000000992
001420121179052000000001
001420121179072-00019556
001420121179076-00001392
001420121179077-00001235
001420121179078-00003159
001420121179079-00016273
001420121179091000000018
001420121179094000000997
001420121179097-00045964
001420121183047000001267
001420121184046000000015
001420121184076-00002261
001420121401040000001052
001420121402040000000001
001420121411040000000009
001420121482040000000002
001420123102079-00000020
001420123103023000000063
001420123103040000000178
001420123103049000000190
001420123103079-00017588
001420123104000-00002476
001420123104023000000229
001420123104029000000114
001420123104040000000588
001420123104045000007291
001420123104049000001442
001420123104071-00000014
001420123104079-00000080
001420123105000-00033092
001420123105022000000002
001420123105027000000172
001420123105029000002889
001420123105040000000307
001420123105049000034295
001420123105094000002069
001420123199900000007383
001420123199927000000413
001420123199929000000023
001420123199940000000533
001420123199949000000052
001420131001091000000406
001420131011022000000002
001420131011040000001846
001420131011049000021329
001420131011094000000111
001420131101003000000069
001420131101007000002637
001420131101010000342676
001420131101022000000608
001420131101029000000045
001420131101040-00024530
001420131101049000028303
001420131101072-00018876
001420131101079-00001869
001420131101091000002949
001420131101094000001844
001420131101097-00021177
001420131101610000000124
001420131101640000000006
001420131101649000000002
001420131102029000000494
001420131102040000001129
001420131102049000002849
001420131102072-00000023
001420131102079-00000422
001420131102094000000102
001420131103040000000263
001420131111022000000293
001420131111029000001354
001420131111040-00009897
001420131111049000187946
001420131111052000000014
001420131111072-00000136
001420131111078-00000013
001420131111092000000034
001420131111094000006054
001420131111097-00000002
001420131131001000017603
001420131131029000024861
001420131131040000000287
001420131131049000003209
001420131131072-00000084
001420131131079-00000006
001420131131092-00005234
001420131131094000000001
001420131131097-00009328
001420131132001000007241
001420131132029000044843
001420131132040-00017617
001420131132045000000534
001420131132049000108301
001420131132079-00040387
001420131132092000000025
001420131132094-00023137
001420131132097-00000284
001420131141001000000201
001420131141029000000002
001420131141040000000047
001420131141045000000050
001420131141049000000074
001420131141094000000052
001420131142023000007573
001420131142040000001878
001420131142049000000511
001420131142060000000001
001420131179077-00002381
001420131179078-00003474
001420131179097-00000969
001420131401040000000005
001420131402040000000006
001420131411040000000002
001420133105000-00007946
001420133105029000002747
001420133105040000000240
001420133105049000005428
001420133105094000002279
001420133199900000000048
001430211011040000000176
001430211011079-00007406
001430211011094000078608
001430211101010000519063
001430211101040-00192581
001430211101091000117765
001430211111040000013777
001440311001003-00021901
001440311001051000018025
001440311005040-00007116
001440311005051000147015
001440311101003-00000459
001440311101010000274937
001440311101040-00275000
001440311101051000772155
001440311101079-00000669
001440311105051001475305
001440311111040000000001
001440311111049000000001
001440311179003-00152126
001440311179040-00004583
001440312005076-00138365
001440312105076-00764778
001440312105086-00708016
001460511111040000000051
001460511111049000000100
001460511171040000050138
001460511179002-00000049
001460511179007000000084
001460511179040-00000034
001460511179079-00000151
001460513103000000003222
001460513103040-00003322
001460513103049000000101
001460521003006-00025125
001460521003029000000047
001460521003040000016288
001460521003049000000687
001460521003094000000007
001460521003097-00002175
001460521011029000000264
001460521011040000005296
001460521011097-00001397
001460521032001000000030
001460521103006000013727
001460521103029000000005
001460521103040000010348
001460521103049000000020
001460521103052000020778
001460521103097-00044577
001470991073008000088581
001470991073097-01248874
001470991173009000230743
001470991173094-00707787
001470991173097-01103044
001470993099900000042288
001470993099992-00001969
001470993099994-00040318
001470993199909-00009007
001470993199997000006521
001510054079060000001153
001510054079081000000019
001510054079089000000495
001510054179060000001886
001510054179081000000588
001510074079089-00011914
001510074179060000010222
001510074179081-00009933
001510084079060000000099
001510084079081-00035596
001510084079089-00009518
001510084179060000066784
001510084179081-00075952
001510104179081-00016212
001528154179081-00005971
001532214179081-00000382
001532254179081-00010209
001532274079081000000194
001532274179060000003226
001532274179081-00000808
001532274193081000002737
001535314079004-00000095
001535314079009-00012911
001535314079097-00004949
001535314179060-00007572
001535314179081-00005345
001551524179060000000006
001552564079060000000358
001552564179060000010981
001552594079060-00000016
001552614279060000000677
001555634079060-00000134
001555634279060000000656
001555684079060000000030
001555704000160000000092
001555704079060000079554
001555704079081000008707
001555704100160000019200
001555704179060000099602
001555784092960000000428
001575784079060000035268
001575784079081000036151
001575784079089-00060047
001575784179060000004002
001575784179081-00002904
001580952000281-02183546
001580952000381002185246
001580952100281-07168780
001580952100381007248117
001580952200381000006237
001590991073097-00076578
001590991173094-00118659
001590991173097000062801
001610018079060000000101
001610018179060000000054
001610018279060000000659
001610058079060-00937174
001610058179060001148251
001610058279060000001787
001610078079060000178639
001610078179081000014518
001610088079060001123226
001610088079081000725812
001610088179060-00512313
001615138079060000739704
001615138179060-00049078
001615138279060000000001
001628148079060000446126
001628148179060000056800
001628148279060000000336
001628158079049-00000005
001628158079060-00144907
001628158179009-00002011
001628158179060-00491213
001628158279060000001386
001628178079060000159115
001628178179060-00348257
001628178279060000000140
001628188079060-00000140
001628188279060-00000001
001628198100160-00000621
001628198179060000732883
001628198279060000000012
001632218079000000015928
001632218079060000000366
001632218179060-00014072
001632248000160000084341
001632248000260000001931
001632248079060-00086272
001632248100160000003117
001632258079060000171060
001632258179009000006439
001632258179060000016814
001632278079060000147508
001632278090060000005048
001632278090160001752200
001632278090260-01606728
001632278090360001198529
001632278090460000180841
001632278090560001606728
001632278090660-03019677
001632278179060000086639
001632278190060-00002728
001632278190160000492500
001632278190260-00617194
001632278190360000901214
001632278190460000216826
001632278190560000617194
001632278190660-01614914
001632278190760-00001584
001632278190781-00000424
001635318079060000088898
001635318179009000027310
001642428079060000012744
001642428100160000004835
001642428179060-00772403
001642428200460000000010
001642438079060000117932
001642438179060000018069
001642438279060000000001
001645469079040000000024
001645469079060-00033901
001645469179060-00015139
001645469179081-00004851
001645469279081-00000010
001645479079060-00121569
001645479179060-00005586
001645479179081-00000038
001645479279060000000581
001645479279081-00000354
001651529179060000763789
001651529179081-00012563
001651539090360-00019167
001651539090660000782245
001651539190360-00609398
001651539190381-00291816
001651539190660000617366
001651539190681000075865
001652549179081-00108709
001652549279081-00000060
001652559079009-00907278
001652559079060-00103380
001652559100109000534166
001652559100181-00054873
001652559179009000763909
001652559179060-00074161
001652569079060-01546277
001652569179060000387140
001652569179081-00210453
001652569279060000000003
001652569279081-00000179
001652579079060-00011191
001652579179081-00008409
001652599079009000000600
001652599079040-00000109
001652599079060000387549
001652599079076-00012457
001652599100181-00036540
001652599100381-00000594
001652599179060-01081990
001652599179081-40586958
001652599279040000000025
001652599279060000000469
001652599279081-00015670
001652619079060-00000041
001652619179060-00000102
001652619279060-00000029
001652629179060000003239
001655639079060000017415
001655639079081-00088415
001655639279060-00012221
001655639279081-00000354
001655689079060-00015055
001655709079060001509887
001655709079081-04202562
001655709079089-00088000
001655709179060000028218
001655739079009-00170338
001655739079060-00047501
001655739100181-00630835
001655739179009-00885486
001655779079060-00017234
001655789092060000049112
001655789092160-00106570
001655789092181-00180841
001655789192060001118704
001655789192160-00125000
001655799079000-00558043
001655799079006000112613
001655799079009000309334
001655799079060-00106237
001655799100109000240032
001655799100609000003278
001655799179000-00329561
001655799179006000003096
001655799179009000115833
001655799179081-00379189
001655799279000-00002161
001655799279009000001765
001655799279060-00000796
001658808000100000281556
001658808000200000015979
001658808000300000028746
001658808000400000004471
001658808000600000007560
001658808100100-00079551
001658808100109-00081936
001658808100300-00001639
001658808100600-00002637
001658808200400000003217
001658818000100000856120
001658818000109-01242499
001658818000160004610621
001658818000200-00010120
001658818000209-00019085
001658818000260000074556
001658818000300000178256
001658818000309-00076872
001658818000360000224546
001658818000400-00002522
001658818000409-00005187
001658818000460000023847
001658818000600000052052
001658818000609-00040750
001658818000660000150569
001658818100100003236590
001658818100109-02050362
001658818100200000001351
001658818100209-00000351
001658818100300000127827
001658818100309-00125077
001658818100400000007880
001658818100409-00000711
001658818100509-00000044
001658818100600000278591
001658818100609-00070805
001658818200200-00006356
001658818200209-00016945
001658818200400000097427
001658818200409-00011557
001658828000100001119815
001658828000109-00753328
001658828000160000346844
001658828000200000018080
001658828000209-00009848
001658828000260000004795
001658828000300000022214
001658828000309-00017035
001658828000360000003385
001658828000400000003505
001658828000409-00002277
001658828000460000000585
001658828000500-00003199
001658828000509-00000707
001658828000560000003906
001658828000600000011787
001658828000609-00005331
001658828000660000002036
001658828100100002708427
001658828100109-01532870
001658828100200000000754
001658828100209-00000263
001658828100300000010875
001658828100309-00009013
001658828100400000000225
001658828100409-00000311
001658828100500000001143
001658828100509-00000746
001658828100600000042915
001658828100609-00014046
001658828200200000005235
001658828200209-00007362
001658828200400000010980
001658828200409-00002762
001658838000100000644143
001658838000109-00411596
001658838000160000060566
001658838000200000000894
001658838000209-00001568
001658838000260000000694
001658838000300000011610
001658838000309-00007763
001658838000360000001740
001658838000400000000606
001658838000409-00000601
001658838000460000000154
001658838000509-00000024
001658838000560000000024
001658838000600000069984
001658838000609-00064433
001658838000660000000775
001658838100100001246329
001658838100109-01070839
001658838100200000000260
001658838100209-00000226
001658838100300000008594
001658838100309-00010320
001658838100400000002102
001658838100409-00000857
001658838100500000000122
001658838100509000000122
001658838100600000143883
001658838100609-00125181
001658838179000000019056
001658838179009000019056
001658838200200000000863
001658838200209-00000631
001658838200400000003798
001658838200409000000001
001658848000100001411790
001658848000160000102000
001658848000300-00128379
001658848000500000000007
001658848000600000057425
001658848000660000015159
001658848100100-00864267
001658848100200000003696
001658848100300-00012041
001658848100500-00000007
001658848100600-00067177
001658848179000001974498
001658848200300000000105
001658848200400000000326
001658848279000000000933
001662858000100000006204
001662858000109-00061123
001662858000160000042851
001662858100100000086094
001662858100109-00047689
001662858100309-00000055
001662858100600000030433
001662858100609-00007192
001662858200200000006293
001662858200209-00001364
001665868000102-00001997
001665868000109000035033
001665868000160000046629
001665868100100-00106054
001665868100109000207831
001665868100160000014937
001665868100360000000046
001665868100560000000006
001665868100660000000173
001665868179060000003418
001665868200460000000008
001668878000300-00008908
001668878100100000006178
001668878100300-00002347
001668878100600000001571
001672909000109-00786568
001672909000160-01515359
001672909000360-00053174
001672909000460-00007487
001672909079009-00657190
001672909079040000000263
001672909079060-00030358
001672909100109-00832336
001672909100160000004583
001672909100260-00005114
001672909100360000295027
001672909100381-00053483
001672909100460-00007961
001672909179009003918098
001672909179060-00068250
001672909179081-00018834
001672909199960-00001857
001675949079000-01687333
001675949079009-00371004
001675949100109000038968
001675949100309000000057
001675949179000-00829335
001675949179009000344435
001675949200409000000034
001675949279000000000099
001675969079060-00940580
001675969179009000261961
001675969179060000000467
001675989079060-00152261
001675989179009-00012510
001675989179081-00193566
001675999079000000196397
001675999079001000014176
001675999079002-00000042
001675999079004000000227
001675999079006-00000023
001675999079009002622925
001675999079060-01928466
001675999179000000045199
001675999179009001331957
001675999179060-00029856
001675999179081-04299353
001675999199900000008790
001675999199960000032666
001675999199981-00026510
001675999279081-00026457