1100110010030000000272
110011001006-000000046
1100110010070000002208
1100110010100000256697
1100110010220000000045
110011001029-000000893
1100110010400000001752
1100110010490000062000
110011001072-000000482
110011001077-000000006
110011001079-000000008
110011001091-000007298
1100110010940000000011
110011001097-000000240
1100110016100000000327
110011001677-000000222
1100110020220000000014
1100110020290000000020
1100110020400000000996
1100110020490000003042
110011002072-000000111
1100110020940000000211
110011002097-000000132
1100110110010000000008
1100110110220000000585
1100110110290000753168
1100110110400000024456
1100110110450000000004
1100110110490000026994
110011011072-000017872
110011011079-000017673
1100110110920000216693
110011011094-000005002
110011011097-000998628
1100110120920000022980
1100110140290000018594
1100110150490000000001
1100110220400000013770
1100110220490000000192
1100110220520000045422
110011023040-000000015
110011023049-000000288
1100110230520000021325
1100110310270000005420
1100110310290000005157
1100110310400000001106
1100110310490000081362
110011031072-000000351
110011031079-000000073
1100110310920000000050
1100110320010000000027
1100110320230000000025
1100110320290000001006
1100110320400000000287
1100110320450000000860
1100110320490000004412
1100110320940000005798
110011041000-000005543
1100110410010000005659
110011041002-000011418
110011041006-000105184
1100110410290000000436
1100110410400000000731
1100110410450000002161
1100110410490000001314
1100110410940000000372
1100110420290000000001
110011042040-000000015
1100110420490000002217
1100110710230000000105
1100110730970000000939
1100110790010000000014
1100110790230000000054
1100110790290000000029
1100110790400000003407
1100110790490000001070
1100110790720000000218
110011079079-000001571
1100110790910000000086
1100110790920000000022
1100110790940000000638
110011079097-000000534
1100110810480000021586
110011081078-000128120
1100110830470000057991
110011083077-000052738
1100110840460000003838
110011084076-000008674
1100111010030000138562
110011101005-000003609
110011101006-000275623
1100111010070000141730
1100111010100047327130
1100111010220000018294
1100111010290000062415
1100111010400000756178
1100111010470000000973
1100111010480000000224
1100111010490001083639
1100111010510000075576
1100111010520000000142
1100111010590000000020
110011101072-000107999
110011101076-000013053
1100111010770000000005
1100111010780000000428
110011101079-000088283
110011101085-000000016
1100111010910000066400
1100111010920000000143
1100111010940000187044
110011101097-000398644
1100111015100000000578
110011101607-000000045
1100111016100000008092
1100111016400000000004
110011101677-000000356
110011101685-000003007
110011102010-000005831
1100111020220000006530
1100111020290000005734
1100111020400000266157
1100111020450000000015
1100111020470000000062
1100111020480000000765
1100111020490000127598
1100111020520000000037
110011102072-000064015
110011102078-000000003
110011102079-000006109
1100111020920000000415
1100111020940000025288
110011102097-000002995
1100111030400000039274
1100111030470000000004
1100111030490000002021
1100111030520000023574
1100111030940000013314
1100111110020000013005
1100111110100000000880
1100111110220000458501
1100111110230000016473
1100111110270000005512
1100111110290000966381
1100111110400000995192
1100111110450000000153
1100111110460000000050
1100111110470000007314
1100111110480000022516
1100111110490001145516
110011111052-000007206
110011111072-000569994
1100111110780000000924
110011111079-000532101
1100111110910000005099
1100111110920000046020
1100111110940000755308
110011111097-000328159
1100111120020000145428
110011112022-000000517
1100111120290008563580
1100111120400000092865
1100111120480000000040
1100111120490000000497
110011112072-000015404
110011112079-000011276
1100111120920002972302
1100111120940000000039
110011112097-002278305
1100111130020000000064
1100111130290001279387
1100111130400000049848
1100111130490000000037
110011113072-000000015
1100111130920000004765
110011113097-000000865
110011114002-000259043
1100111140290004403007
1100111140400000062946
1100111140450000001293
1100111140470000000026
1100111140480000000062
1100111140490000148839
1100111140520000004566
110011114072-000025563
110011114077-000033634
110011114078-000000091
110011114079-000000407
1100111140920000000147
1100111140940000000570
110011114097-000000712
1100111150290000037705
1100111150400000094326
1100111150460000000003
1100111150470000000591
1100111150480000020972
1100111150490000062279
110011115072-000160296
110011115076-000010774
110011115078-000038449
110011115079-000017756
1100111150940000057906
110011115097-000061124
1100111210060000071412
1100111210400000114339
1100111220290000000001
1100111220400000113275
1100111220520000320368
1100111230400000028795
1100111230520000067429
110011131000-000054095
1100111310010001303323
1100111310020000000009
110011131006-000001424
1100111310080000348284
1100111310230000000001
1100111310270000055538
1100111310290001072032
1100111310400000315295
1100111310450000009785
1100111310490000228757
1100111310520000000005
1100111310590000000001
110011131072-000009351
1100111310770000000002
110011131079-000002950
1100111310920000109974
1100111310940000000306
110011131097-000000377
1100111320010000597918
110011132002-000000234
110011132006-000091396
110011132008-000161162
1100111320220000000010
1100111320230000022724
1100111320270000000017
1100111320290000312746
1100111320400000041236
1100111320450000447444
1100111320460000000004
1100111320470000000024
1100111320480000000379
1100111320490001137238
1100111320520000000131
110011132072-000002377
110011132078-000000962
110011132079-000008107
110011132091-000000135
1100111320920000003614
1100111320940000034611
1100111320970000009122
110011141000-000382754
1100111410010002330830
1100111410020000002444
1100111410050000004266
110011141006-000021329
110011141008-000135391
1100111410230000000002
1100111410270000000322
1100111410290000119685
1100111410400000386653
1100111410450000793835
1100111410470000000468
1100111410490000639945
110011141071-000088003
110011141072-000007908
110011141077-000000229
110011141079-000049260
1100111410920000000003
1100111410940000035827
110011141097-000104450
1100111420010000001229
1100111420050000001840
1100111420080000008754
1100111420230000949389
1100111420290000000828
1100111420400000011267
1100111420470000000004
1100111420490000055507
1100111420520000000017
1100111420600000000001
110011142071-000002934
110011142072-000014825
110011142079-000010775
1100111420940000007902
110011142097-000005397
1100111710000000000200
1100111710400000192876
1100111710460000005144
1100111710490000004260
1100111710590000005842
110011171072-000011084
110011171079-001449266
110011171091-000000078
1100111710940000000223
110011171097-000010538
1100111720400000000015
110011172079-000020275
1100111730940000011299
110011173097-000960571
1100111790010000004745
1100111790020000002102
1100111790060000001769
110011179008-000000254
110011179010-000000863
1100111790220000000003
1100111790290000003701
1100111790400000379246
110011179045-000000024
1100111790470000000005
1100111790480000000097
1100111790490000009042
1100111790520000000011
110011179072-000312120
110011179076-000091153
110011179077-000006419
110011179078-000253779
110011179079-001020891
1100111790910000003590
1100111790920000001318
1100111790940000074980
110011179097-000284025
1100111810480000637484
110011181078-003842587
110011182023-000000003
1100111820290000032382
1100111820400000001650
1100111820480000016103
1100111820490000002977
1100111820520000000709
110011182072-000041989
110011182079-000028493
1100111830470000092043
110011183077-000343924
1100111840460000005569
110011184076-000161569
1100112010070000000062
1100112010100000282765
1100112010220000001299
1100112010290000000536
1100112010400000004940
1100112010450000000022
1100112010480000000509
1100112010490000005963
110011201072-000000099
110011201079-000000113
1100112010910000000049
1100112010940000001601
110011201097-000000004
1100112020220000000014
1100112020290000001708
1100112020400000001333
1100112020480000000840
1100112020490000002351
110011202079-000000058
1100112020940000000041
1100112030400000000840
1100112110220000006846
1100112110230000000004
1100112110290000004710
1100112110400000000742
1100112110450000000007
1100112110480000001420
1100112110490000014160
1100112110520000000255
110011211072-000000930
110011211079-000000407
1100112110940000004794
110011211097-000000003
1100112120290000000955
1100112120400000001845
110011212078-000001748
1100112120920000000707
1100112140290000002105
1100112140400000000090
1100112140480000000012
1100112140490000000004
1100112150400000004009
1100112150480000001098
1100112150490000000103
1100112150940000002048
110011215097-000000004
110011231000-000000260
1100112310010000003174
110011231008-000000406
1100112310270000000744
1100112310290000005660
1100112310400000002180
1100112310450000000002
1100112310480000000021
1100112310490000000301
110011231072-000000003
110011231079-000001771
1100112310920000000010
1100112320230000003187
1100112320290000002225
1100112320400000000107
1100112320450000004482
1100112320490000004843
110011232079-000000085
1100112320940000000235
1100112410010000003734
110011241008-000000294
1100112410230000000665
1100112410290000000714
1100112410400000004543
1100112410450000003027
1100112410480000003000
1100112410490000017124
110011241071-000002248
110011241072-000000118
110011241078-000004230
110011241079-000000274
1100112410940000000949
110011241097-000000559
1100112420230000003580
1100112420400000000101
110011242048-000000002
1100112420490000000722
110011242072-000001631
110011242078-000000613
110011242079-000000042
1100112420940000000125
110011242097-000000125
1100112710400000000030
1100112730940000000333
110011273097-000000365
1100112790010000000105
110011279029-000001291
1100112790400000007771
1100112790450000000516
1100112790460000008529
1100112790490000000998
110011279072-000015987
110011279077-000000083
110011279078-000011562
110011279079-000014050
1100112790940000001379
110011279097-000010072
1100112810480000000013
110011281078-000182400
1100112820400000000301
1100112820480000060806
110011282072-000000408
110011282079-000000526
1100112820940000000068
110011283077-000002365
1100113010290000000005
1100113010400000001045
1100113010470000000223
1100113010480000002944
1100113010490000000189
1100113020400000001435
1100113020470000000003
1100113020480000000503
1100113020490000000016
1100113020940000000002
1100113110400000000393
1100113110470000119539
1100113110480000001129
1100113110490000000016
1100113120400000005368
1100113120480000092931
1100113120490000000014
1100113140400000000003
1100113140480000000933
1100113140490000000009
1100113150290000000009
1100113150400000000829
1100113150480000027019
1100113150490000000335
1100113150940000000004
1100113320230000000041
1100113320290000000026
1100113320400000000004
1100113320480000000011
1100113320490000000006
1100113320520000000001
1100113410400000000044
110011373094-000481220
1100113730970000133613
1100113790400000004273
1100113790470000000007
110011379048-000048049
1100113790490000001393
1100113810480004265170
110011381078-000705514
1100113820480000000079
1100113830470000150918
110011383077-000106751
1100113840460000000121
110011384076-000001259
1100114010220000000001
1100114010290000000043
1100114010400000054131
1100114010490000152989
1100114020400000002966
1100114030400000000003
1100114110290000000276
1100114110400002538587
1100114110470000000205
1100114110480000001523
1100114110490000004005
110011411072-000000006
110011411079-000000442
1100114110940000001606
110011411097-000000748
1100114120920000000057
1100114140290000001124
1100114140400000000032
1100114150400000007204
1100114150480000000003
1100114150490000000005
1100114310290000011983
1100114320230000000053
1100114320290000000029
1100114320400000000088
1100114320480000002326
1100114410400000006534
1100114790400000000650
1100114820290000006594
1100114820400001545889
1100114820490000007602
1100114830470000140490
110011483077-000043702
110012105186-000000136
1100130010080000612650
110013001079-000006000
110013001089-000615118
110013002026-000001842
1100130020290000002017
1100130020400000000040
1100130020490000000267
110013002079-000001400
110013002094-000000185
110013003000-000010075
1100130030400000000107
1100130030490000000175
110013003079-000001500
110013004000-000945482
1100130040220000000008
1100130040290000000026
1100130040400000000482
1100130040450000765543
1100130040490000158447
110013004072-000000042
110013004079-000000060
1100130040920000000006
1100130040940000000567
1100130050270000008292
1100130050290000004748
1100130050450000000355
1100130050490000000028
110013099900-000015498
1100130999030000000136
1100130999070000000117
1100130999100000014832
1100130999220000000078
1100130999230000012189
1100130999290000000065
1100130999400000000777
1100130999450000004452
1100130999490000012763
110013099972-000000175
110013099979-000000006
1100130999940000000726
1100131010000001146638
1100131010230000000750
1100131010270000000394
1100131010290000000353
1100131010400000000715
1100131010450000009315
1100131010490000002501
110013101076-000077263
110013101077-000012500
110013101078-000020481
110013101079-000263761
110013101086-001982805
1100131020000000003432
1100131020250000001866
1100131020260000000300
1100131020400000001302
1100131020450000001215
1100131020490000000067
1100131030000000237958
1100131030260000001995
1100131030400000297019
1100131030490000000593
110013103079-000838600
1100131040000001070846
1100131040030000000233
1100131040070000001328
1100131040100000100019
1100131040220000000495
1100131040230000002809
1100131040270000008954
1100131040290000038723
1100131040400000005302
1100131040450002744436
1100131040470000000002
1100131040490001180541
1100131040520000000006
110013104079-000097711
110013104086-000107026
1100131040910000001362
1100131040920000000385
1100131040940000069365
110013104097-000039510
110013105000-000349546
110013105007-000000072
1100131050100000014135
1100131050220000000035
1100131050230000000187
1100131050270000637260
1100131050290000309467
1100131050400000355713
1100131050450000066946
1100131050470000000100
1100131050490000137081
1100131050520000000002
110013105072-000000228
110013105076-000009152
110013105078-000008944
110013105079-000009489
110013105086-000000692
1100131050910000001521
1100131050920000024007
1100131050940000002661
110013105097-000004095
1100131999000000405180
110013199901-000422817
1100131999080000000340
1100131999100000005765
1100131999220000000006
1100131999270000000134
110013199929-000000033
110013199940-000008412
1100131999450000022639
1100131999490000014903
110013199979-000000847
1100131999910000003371
1100131999940000002113
110013201076-000001210
110013201079-000004956
110013203079-000009135
1100132040220000000038
1100132040290000000001
1100132040400000002675
1100132040450000005298
1100132040490000000380
1100132040940000000023
1100132050270000000422
1100132050290000000363
1100132050450000000001
1100132999000000000619
110013299976-000001500
1100134040400000000009
1100134050400000000002
1100211010030000013234
110021101006-000000230
1100211010070000072774
1100211010090000000223
1100211010100007242808
1100211010220000003346
1100211010290000005268
1100211010400000226201
1100211010470000001006
1100211010480000000552
1100211010490000229185
1100211010520000000028
110021101072-000017884
110021101076-000002872
110021101079-000031927
110021101085-000000017
1100211010910000005711
1100211010940000038914
110021101097-000015857
1100211015100000000227
1100211015400000000360
1100211016100000000471
1100211016400000000001
1100211016490000000002
110021101677-000000062
110021101685-000000272
110021102010-000000602
1100211020220000000938
1100211020290000005585
1100211020400000055624
1100211020470000000025
1100211020480000000887
1100211020490000025325
110021102072-000003442
110021102079-000001582
1100211020920000000095
1100211020940000010255
1100211020970000000015
1100211030400000000324
1100211030490000000683
1100211030520000006171
1100211030940000005028
1100211110220000027766
1100211110230000000245
1100211110290000034456
1100211110400000179116
1100211110450000000001
1100211110470000000552
1100211110480000004592
1100211110490000091738
1100211110520000011734
110021111072-000021290
110021111079-000004701
1100211110910000000462
1100211110920000018035
1100211110940000066941
110021111097-000002917
1100211120290000007460
1100211120400000073291
1100211120490000000002
1100211120920000029451
1100211120940000000057
110021112097-000005492
1100211130290000000004
1100211140290000007490
1100211140400000000098
1100211140490000000068
1100211150400000015481
1100211150480000000055
1100211150490000000502
1100211220290000000006
1100211220400000000150
1100211220520000000085
110021131000-000001165
1100211310010000032068
110021131006-000001672
110021131008-000005578
1100211310270000003734
1100211310290000220549
1100211310400000002168
1100211310450000000731
1100211310490000007396
110021131072-000000089
110021131079-000000780
110021131092-000118007
1100211310940000000184
1100211320010000042451
110021132006-000000240
110021132008-000000233
1100211320230000001770
1100211320270000000051
1100211320290000004420
110021132040-000012170
1100211320450000008259
1100211320490000043358
110021132079-000000298
1100211320940000000566
110021141000-000030860
1100211410010000295756
110021141006-000000711
1100211410080000017110
1100211410230000000020
1100211410290000013814
1100211410400000114298
1100211410450000096268
1100211410470000000253
1100211410480000000049
1100211410490000222783
110021141071-000010536
110021141072-000000274
110021141079-000000901
1100211410920000000005
1100211410940000029810
110021141097-000002637
1100211420010000005770
1100211420050000000130
1100211420080000005770
1100211420230000066248
1100211420400000005428
1100211420460000000002
1100211420470000000020
1100211420480000000020
1100211420490000007857
110021142071-000000066
110021142072-000001081
110021142079-000001837
1100211420940000000855
110021142097-000000854
1100211710400000046560
1100211710460000000889
1100211710490000000799
1100211710590000000005
110021171079-000102809
1100211710910000000078
110021171094-000000012
1100211710970000000024
110021172079-000000515
1100211730940000173331
110021173097-000109406
1100211790010000000145
1100211790290000002656
110021179040-000001667
1100211790460000000155
1100211790470000000114
1100211790480000000516
1100211790490000002125
1100211790590000000025
110021179072-000028208
110021179076-000044976
110021179077-000000200
110021179078-000033284
110021179079-000040208
110021179091-000000350
1100211790920000021704
110021179094-000000006
110021179097-000009254
1100211810480000071751
110021181078-000195860
110021182079-000001414
1100211830470000003525
110021183077-000127605
1100211840460000000419
110021184076-000058585
1100212820400000002875
1100213010400000000002
1100213010480000000005
1100213020470000000018
1100213020480000000509
1100213110480000000154
1100213150480000000328
1100213810480000097111
110021381078-000010797
1100213830470000000248
110021383077-000041436
110021384046-000000201
110021384076-000026295
1100214010400000014510
1100214020400000000648
1100214110400000011336
1100214140400000000019
1100214150400000000039
1100214150480000000001
1100214790400000000004
1100214820400000015435
1100231010000000019539
110023101077-000000375
110023101086-000019164
1100231040000000154342
1100231040070000000035
1100231040100000001303
1100231040220000000013
1100231040230000000348
1100231040270000000514
1100231040290000001029
1100231040400000000089
1100231040450000029239
1100231040490000135817
110023104079-000004000
110023105000-000015909
1100231050220000000005
1100231050270000006637
1100231050290000000278
1100231050400000006891
1100231050450000000649
1100231050490000000560
120101001006-000000002
1201010010070000000119
1201010010100000005185
1201010010400000002249
1201010010520000000623
1201010010910000000064
1201010110010000000629
1201010110060000000014
1201010110070000000647
1201010110100000021901
1201010110220000000623
1201010110230000000004
1201010110290000017339
1201010110400000076394
1201010110450000000095
1201010110490000021777
1201010110520000967961
120101011071-000000089
120101011072-000002085
120101011076-000001007
120101011079-000065761
1201010110910000001185
1201010110940000003445
1201010420230000000178
120101084076-000000396
120101101007-000000367
1201011010100000181918
1201011010220000000028
1201011010290000000033
1201011010400000054703
1201011010490000002233
120101101079-000014125
1201011010910000000100
1201011010940000000286
120101101097-000010455
1201011016100000001444
1201011016490000000001
1201011020290000000007
1201011020400000001157
120101102045-000000005
1201011020490000000262
1201011110020000000001
1201011110220000000246
1201011110290000026718
1201011110400000139446
1201011110490000004655
1201011110520004052688
1201011110720000004411
120101111079-000014155
1201011110940000000014
1201011310010000000116
1201011310290000000775
1201011310400000000011
1201011310490000000029
120101131072-000000149
1201011320230000000025
1201011320290000000046
1201011320400000000296
1201011320450000000015
1201011320490000008963
1201011410010000001133
1201011410290000000024
1201011410400000001713
1201011410450000000213
1201011410490000001107
120101141071-000000709
1201011410790000000030
1201011410940000000035
1201011420230000000066
1201011420400000000020
1201011420490000000030
1201011710400000058460
1201011790010000000041
1201011790020000000013
1201011790290000022546
1201011790400000168921
1201011790490000000413
1201011790520003721986
120101179072-000000002
120101179079-000006599
1201011790940000000972
120101179097-000000362
120101383077-000000300
1201014010400000000020
1201014010490000000074
1201014020400000000001
1201014110490000000013
1201014310400000000005
1201014320290000000005
1201014320490000000021
120101441040-000000056
1201014410470000000004
1201014410490000000001
1201014420230000000008
1201014420290000000002
1201014790400000080322
1201014790490000000223
1201014790520000001796
120103099900-000000292
1201030999270000000292
1201110110220000000003
1201110110290000004472
1201110110400000001874
1201110110490000000188
1201110110520000295665
120111011079-000000029
1201111010100000031382
1201111010400000000286
1201111010490000000002
1201111110290000005471
1201111110400000019382
1201111110490000000144
1201111110520001228741
1201111310290000000055
1201111310400000000331
120111171040-000005005
1201111790290000004781
1201111790400000013964
1201111790520002116315
120111179079-000000014
1201210110400000000069
1201210110520000640818
1201210110920000012943
1201211110290000005369
1201211110400000000570
1201211110520002672215
1201211790520002609066
1201310010100000001049
120131011040-000000019
1201310110490000000046
1201310110520000147232
120131011079-000000819
1201310830470000000249
1201311010400000000002
1201311110400000003771
1201311110520000630259
120131111079-000003168
1201311320490000000001
1201311790400000000923
1201311790520000692442
1201410110220000000001
1201410110400000000629
1201410110520000176034
120141011077-000133115
1201411010070000000022
1201411010100000001020
1201411010400000000009
1201411110400000031867
1201411110490000002155
1201411110520000661977
120141111079-000212842
1201411320490000000020
120141171040-000000694
1201411790520000204045
120141179077-000293372
1201510110220000000001
1201510110400000000633
1201510110520000010976
120151011079-000000049
1201511010070000000009
1201511010100000000329
1201511110400000001966
1201511110490000000018
1201511110520000063309
1201511710400000000083
1201511790520000057033
120151179079-000000018
1201611790520000000002
1201711110400000001002
1201711790400000000642
1201711790520000000002
1201810110220000000001
1201810110290000000023
120181011040-000000001
1201810110490000000010
1201810110520000013291
1201811010100000000082
1201811110290000000039
1201811110520000056534
1201811710400000000231
1201811790290000000041
1201811790520000055328
1201910110220000000002
1201910110400000000611
1201910110520000027914
1201911110400000002746
1201911110520000109449
1201911320400000000185
1201911710400000000606
1201911790520000110159
1202010010070000000055
1202010010490000000001
1202010030400000000882
1202010110100000005628
1202010110220000000040
1202010110290000000226
1202010110400000007376
1202010110490000003046
120201011052-000000012
120201011072-000000366
120201011079-000000234
120201011091-000000010
1202010110940000000005
1202011010070000000022
1202011010100000000167
1202011010290000000002
1202011010400000000126
1202011010910000001292
1202011010940000000228
1202011020490000000051
1202011110290000004030
1202011110400000008670
1202011110490000026170
1202011110520000029347
120201111079-000028822
1202011110920000000513
1202011310010000000655
1202011310290000000567
1202011310400000000010
1202011310920000000180
1202011320400000003513
1202011320490000000102
1202011410490000000005
1202011410940000000150
1202011710400000003703
1202011790290000001095
1202011790400000011219
1202011790490000006513
1202011790520000011468
120201182072-000000237
1202013810780000000002
1202014110400000000003
1202110110290000022132
1202110110490000000012
120211011052-000000077
1202111110290000054125
1202111110520000035525
1202111790290000000008
1202111790490000000001
1202111790520000113219
1202210110520000005879
1202211110520000026686
1202211790520000030247
1202310110520000007259
1202311110520000031593
1202311790520000033130
1202410110290000002540
1202410110400000000007
1202410110490000000050
1202410110520000004725
120241084076-000011146
1202411110400000000003
1202411110520000085277
120241111079-000032629
1202411790290000002438
1202411790520000066769
120241179072-000042033
1202510820520000009394
1202510830470000000173
1202511110290000067254
1202511110400000002162
1202511110490000031619
1202511110520000096538
1202511790290000022606
1202511790400000008950
1202511790520000043410
1203010110400000000634
1203010110520000001819
120301101007-000000137
1203011010100000027774
1203011010220000000041
1203011010290000000025
1203011010400000001811
1203011010490000000020
120301102010-000000024
1203011020290000000037
1203011020400000000543
1203011020490000000403
120301102079-000000102
1203011030400000000045
1203011110220000000029
1203011110290000001832
1203011110400000003270
1203011110490000000746
120301111079-000000018
1203011110940000003846
1203011310010000000974
1203011310270000000062
1203011310290000000343
1203011310400000000047
1203011310450000000002
1203011310490000000094
1203011310920000000145
1203011310940000000028
1203011320230000000010
1203011320270000000002
1203011320290000000188
1203011320400000000108
1203011320450000000271
1203011320490000000762
120301132072-000000011
1203011410010000000114
1203011410290000000002
1203011410400000001018
1203011410450000000122
1203011410490000000312
1203011420400000000353
1203011420490000000064
1203011710400000002570
1203011710490000000001
1203011710590000004328
1203011730920000000002
120301173097-000000081
1203011790290000000195
1203011790400000020853
1203011790490000000104
120301179079-000004312
120301183077-000008840
120301383077-000015367
1203014010400000000002
1203014020400000000002
1503310010030000000087
1503310010060000000033
1503310010070000000197
1503310010100000030180
1503310010290000000001
1503310010400000000052
1503310010490000000001
150331001091-000000418
1503310020220000000003
1503310020400000000202
1503310020490000000086
1503310020940000000026
1503310110220000000094
1503310110290000000167
1503310110400000006314
1503310110490000001258
150331011079-000000220
1503310110920000000023
1503310110940000000008
1503310310290000000124
1503310320010000000048
1503310320290000000001
1503310320400000000003
1503310320490000000057
1503310320940000000013
1503310790290000000001
1503311010030000001184
150331101006-000000006
1503311010070000001017
1503311010100000537630
1503311010220000002481
1503311010290000000692
1503311010400000019781
1503311010470000000479
1503311010490000014090
150331101072-000012773
150331101079-000001513
1503311010910000005603
150331101094-000001636
150331101097-000008395
1503311016100000000037
1503311020220000001647
1503311020290000000486
1503311020400000007220
1503311020490000014318
150331102072-000001939
150331102079-000000034
1503311020940000000384
1503311030400000000108
1503311110220000003398
1503311110290000001915
1503311110400000089502
1503311110460000001729
1503311110480000000220
1503311110490000038121
1503311110520000000776
150331111072-000002585
1503311110780000000040
150331111079-000017490
1503311110920000000003
1503311110940000001162
150331111097-000001799
1503311310010000000523
1503311310080000000331
1503311310270000000111
1503311310290000014663
1503311310400000011313
1503311310490000000024
1503311310920000000142
1503311310940000000015
1503311320010000024828
1503311320230000000064
1503311320290000000280
1503311320400000037007
1503311320450000003837
1503311320490000098160
150331132072-000000661
150331132079-000094079
150331132094-000006508
1503311410290000000078
1503311410400000002672
1503311410450000001066
1503311410490000000176
1503311410940000000538
1503311420230000002306
1503311420490000000028
1503311710400000019800
1503311730940000000267
150331173097-000008686
1503311790290000000001
1503311790400000003554
150331179078-000000048
150331179079-000000108
1503311830470000000248
150331381078-000000122
1503314010400000000004
1503411010030000002131
1503411010070000003174
1503411010100001018384
1503411010220000002631
1503411010290000002091
150341101040-000001789
1503411010470000000044
1503411010490000002685
150341101072-000000558
150341101079-000001971
1503411010910000000397
1503411010940000000071
150341101097-000012924
1503411015100000000278
1503411016070000000007
1503411016100000000055
1503411020220000000841
1503411020290000000552
1503411020400000009480
1503411020490000006015
150341102072-000000338
150341102079-000000012
1503411020920000000001
1503411020940000000190
150341102097-000000018
1503411030520000000518
1503411030940000000284
1503411110220000001529
1503411110290000006561
1503411110400000004742
1503411110480000000252
1503411110490000042392
1503411110520000000132
150341111072-000000555
150341111078-000000005
150341111079-000007583
1503411110920000000122
1503411110940000002689
150341111097-000000011
1503411310010000006981
1503411310080000001311
1503411310290000015006
1503411310400000045466
1503411310920000000455
150341131097-000000006
1503411320230000000013
1503411320290000000080
1503411320400000000463
1503411320450000000990
1503411320490000001006
1503411320940000000043
150341132097-000000012
1503411410010000020201
1503411410290000000159
1503411410400000002495
1503411410450000003987
1503411410490000005250
150341141071-000001377
150341141077-000000005
150341141079-000001377
1503411420230000002476
1503411420400000000372
1503411710400000037511
1503411710490000000001
150341171079-000007413
1503411730940000522157
1503411790290000001384
1503411790400000012226
1503411790520000000020
150341179072-000003424
150341179079-000003188
1503411790940000000070
150341179097-000000510
150341181078-000008206
1503411820400000000033
1503413010400000000001
1503413020400000000026
1503413020480000000105
1503414010400000000294
1503414110400000001331
150343104079-000015000
1503431050000000002278
1503431050270000000255
1503431050290000000732
1503431050400000000396
1503431050450000000774
1503511010030000000960
1503511010070000008713
1503511010100000244657
1503511010220000000600
1503511010290000000480
1503511010400000005796
1503511010490000002529
150351101072-000000471
150351101079-000000034
150351101091-000002066
1503511010940000000115
150351101097-000000585
1503511020220000000110
1503511020290000001204
1503511020400000001526
1503511020490000001907
150351102072-000000048
1503511020940000000244
150351102097-000000623
1503511030400000000337
1503511030520000000098
1503511110220000000447
1503511110290000001702
1503511110400000000343
1503511110490000002769
150351111072-000000950
150351111079-000000682
1503511110920000000039
1503511110940000000742
1503511310010000000044
1503511310080000000008
1503511310290000007801
1503511310400000000432
1503511310920000000025
1503511320290000000088
150351132040-000000002
1503511320450000000274
1503511320490000000293
1503511320940000000041
1503511410010000000115
1503511410290000000149
1503511410400000000255
1503511410450000001282
1503511410490000005628
150351141071-000000019
150351141094-000000052
1503511420230000000319
1503511420490000000022
1503511710400000001001
150351171079-000000430
1503511730940000093511
1503511790290000000177
1503511790400000012483
1503511790520000000017
150351179072-000000346
150351179076-000001104
150351179077-000000300
150351179079-000010455
1503511790970000000054
150351181078-000000017
150351182079-000000006
150351184076-000000084
1503514010400000000478
1503514110400000000287
1503611010030000000793
1503611010060000000004
1503611010070000008212
1503611010100000591548
1503611010220000000920
1503611010290000000105
1503611010400000057535
1503611010490000013274
1503611010520000000070
150361101072-000002133
150361101079-000071046
150361101091-000000084
1503611010940000002358
150361101097-000020962
1503611016490000000026
1503611020220000000020
1503611020290000000102
150361102040-000000383
1503611020490000005873
150361102072-000000052
150361102079-000000001
1503611020940000000103
1503611110220000000064
1503611110290000000861
1503611110400000017481
1503611110480000000283
1503611110490000310775
150361111072-000000020
150361111078-000000962
150361111079-000015444
1503611110940000001742
150361111097-000000043
1503611310000000016510
1503611310010000273723
1503611310270000003009
1503611310290000071214
1503611310400000000555
1503611310490000060427
150361131072-000000595
150361131079-000000068
1503611310920000004822
1503611310940000000242
1503611320010000015764
1503611320290000002883
1503611320400000278451
1503611320450000263715
1503611320470000000015
1503611320480000000489
1503611320490000550538
150361132072-000048187
150361132078-000000377
150361132079-000000973
1503611320910000003003
1503611320940000013256
150361132097-000009769
150361141000-000003009
1503611410010000002235
150361141006-000008378
1503611410290000000016
1503611410400000000798
1503611410450000004494
1503611410490000000200
1503611410940000000210
1503611710400000002638
1503611730940000246225
150361173097-000020926
1503611790400000002835
150361179072-000000021
150361179077-000000206
150361179078-000001158
150361179079-000004098
1503611790920000000053
1503611790940000000070
150361179097-000000272
1503611810480000000066
150361181078-000000605
1503613810480000000542
150361381078-000012679
1503614010400000000008
1503614020400000000018
1503631040400000000060
1503631040450000001154
1503631040490000001379
1503631050000000069371
1503631050220000000009
1503631050270000011390
1503631050290000001364
1503631050400000044664
1503631050450000026075
1503631050470000000038
1503631050490000025352
1503631050920000000095
1503631050940000001084
150363199900-000000431
1503711010100000000125
1503711010400000006802
150371101072-000000025
150371111040-000007810
1503711110480000000049
1503711110490000004997
1503711110940000000055
1503711310290000000037
150371131092-000000002
1503711320400000041871
1503711730940000049230
1604110010060000000002
1604110010070000000005
1604110010100000000456
1604110020220000000002
1604110020290000000009
1604110020400000000014
1604110020490000000425
1604110020770000000420
160411002079-000006643
1604110110400000001765
1604110110490000000399
160411011072-000001771
1604110110940000000712
160411011097-000004489
1604110310290000000197
1604110310450000000008
1604110310490000000068
160411032040-000004453
1604110320490000004453
1604110410010000004146
1604110410230000000005
1604110410290000000858
1604110410400000012798
1604110410450000004136
1604110410490000002137
160411041071-000014028
160411041072-000003411
160411041079-000004794
1604110410940000002726
160411041097-000001549
1604110420230000004880
1604110420400000000293
1604110420490000001815
1604110840460000013226
1604111010100000000349
1604111010400000000296
1604111010490000000488
1604111010940000000159
1604111110290000000593
1604111110400000058463
1604111110480000000115
1604111110490000001176
1604111110920000000013
1604111310290000000066
160411131040-000000176
160411131072-000000010
160411131079-000000029
1604111320290000000009
1604111320450000000007
1604111320470000000100
1604111320490000000160
160411141000-000004707
1604111410010000000246
1604111410400000002092
1604111410450000000002
1604111410470000000008
1604111410490000000142
160411141071-000000328
1604111410770000000004
160411141079-000000078
1604111410940000000002
1604111420230000000031
1604111420290000000005
1604111420400000000070
160411142071-000000029
160411171040-000002716
1604111790400000003036
1604111790480000001812
1604111790490000000524
1604111790520000000003
160411179079-000000021
1604111790920000000158
170501073005-000086199
1705010730910000410986
1705010730920000026839
1705010730940000740303
1705011730050000038094
170501173091-000001621
170501173092-000000054
1705011730940001887421
1705011730970000001689
170503099900-000041151
1705030999920000001843
1705030999940000037741
1705031999050000005274
170503199994-000002784
170503199997-000000004
1806010730040000000006
1806010730940000075378
180601173006-000000040
1806011730940000093512
180601173097-000007420
190907079086-014885022
190907084086-009908292
190907184086-051406799
190907384086-020729976
190927083385-004955754
190927083585-000005756
190927083685-000018161
190927083785-000011100
190927183385-010168403
190927183585-000013907
190927183685-000054628
190927183785-000025070
190927383385-004379570
190927383585-000006656
190927383685-000016482
190927383785-000022663
190937079086-000230556
190937084086-000155076
190937184086-000792876
190937384086-000321492
2100110010030000002799
2100110010060000000327
2100110010070000001972
2100110010100000587745
2100110010220000000139
2100110010290000000415
2100110010400000007038
2100110010490000007491
210011001072-000000134
2100110010770000000014
210011001079-000002685
210011001091-000006222
2100110010920000000004
2100110010940000000570
210011001097-000000798
2100110016100000000296
210011001677-000000153
2100110020220000000011
2100110020290000000523
2100110020400000003343
2100110020490000002685
210011002079-000001060
2100110020940000000199
2100110030400000000022
2100110030940000001815
2100110110010000000026
210011011006-000000107
2100110110220000006634
2100110110290000007903
2100110110400000007874
2100110110490000024838
2100110110520000000979
210011011072-000006636
210011011079-000001459
2100110110920000000198
210011011094-000000129
210011011097-000000283
2100110310290000006203
210011031040-000000182
2100110310450000000832
2100110310490000000344
210011031072-000000028
210011031079-000000418
210011031094-000000492
2100110320230000000756
2100110320290000009381
2100110320400000001151
2100110320450000001075
2100110320490000004440
210011032072-000000060
210011032079-000000004
2100110320940000001002
2100110410010000026119
2100110410290000003639
2100110410400000006344
2100110410450000003006
2100110410490000013056
210011041071-000002369
210011041072-000000663
210011041079-000000785
210011041094-000002340
210011041097-000001970
2100110420230000008141
2100110420400000000260
2100110420490000000671
210011042079-000000001
2100110420940000000043
2100110710400000000023
2100110710490000000017
2100110730940000000725
210011079000-000000084
2100110790070000000007
210011079010-000000208
2100110790290000000011
210011079040-000000717
2100110790490000000387
210011079071-000000038
210011079072-000000365
210011079077-000000175
210011079079-000001815
210011079089-000000423
2100110790940000006448
210011083077-000715464
210011084076-000032649
2100111010030000004881
2100111010050000000310
2100111010070000021579
2100111010100002480964
2100111010220000001329
2100111010290000017604
2100111010400000042423
2100111010490000068309
210011101072-000004962
210011101079-000001836
2100111010910000017915
2100111010940000028270
210011101097-000021860
2100111016070000000032
2100111016100000002600
2100111020220000001103
2100111020290000001027
2100111020400000009645
2100111020490000014958
210011102072-000008195
210011102077-000000003
210011102079-000000341
2100111020860000000003
2100111020920000000017
2100111020940000001596
210011102097-000000319
2100111030290000000008
2100111030400000008030
2100111030490000000004
2100111030520000000899
2100111030910000000007
210011103097-000000007
2100111110220000048882
2100111110230000000001
2100111110290000047104
2100111110400000029762
2100111110450000000123
2100111110490000028198
2100111110520000005113
2100111110600000000823
210011111072-000023525
210011111076-000000009
210011111079-000016100
2100111110920000000105
2100111110940000003237
210011111097-000001409
210011131000-000002251
2100111310010000012308
210011131008-000000001
2100111310230000000010
2100111310270000004859
2100111310290000033005
2100111310400000001213
2100111310450000000352
2100111310490000000421
210011131072-000000105
2100111310790000000180
2100111310920000000120
2100111310940000000268
210011131097-000000279
2100111320010000003267
210011132006-000000360
2100111320230000003368
2100111320290000006561
2100111320400000013440
2100111320450000011086
2100111320490000019124
2100111320600000000199
210011132072-000000012
210011132079-000000741
2100111320940000000554
210011132097-000000354
210011141000-000002181
2100111410010000086269
2100111410050000000172
210011141008-000001526
2100111410230000000014
2100111410290000008069
2100111410400000026084
2100111410450000042308
2100111410490000025604
2100111410600000005240
210011141071-000000892
210011141072-000000269
210011141079-000003285
2100111410940000004307
210011141097-000001739
2100111420230000033354
2100111420290000000885
2100111420400000002662
2100111420490000005032
210011142079-000000228
2100111420940000000653
210011142097-000000653
2100111710400000000742
2100111710490000000081
210011171079-000001616
210011171086-000000758
210011172079-000000118
2100111730940000006499
210011173097-000001205
210011179000-000000161
2100111790010000000234
2100111790060000000201
2100111790290000002283
210011179040-000006104
2100111790490000000424
2100111790520000000798
2100111790590000000132
210011179072-000008898
210011179076-000002128
210011179077-000000765
210011179078-000000585
210011179079-000020049
2100111790910000000019
210011179094-000002775
210011179097-000002890
2100111820220000004291
2100111820400000002518
210011182072-000007677
210011183077-002212891
210011184076-000057783
210011184086-000002380
2100112010030000000074
2100112010070000001793
2100112010100000407727
2100112010220000000107
2100112010290000000723
2100112010400000005886
2100112010450000000005
2100112010480000000200
2100112010490000001189
210011201072-000000043
210011201077-000005094
210011201079-000000140
210011201091-000000019
2100112010940000004902
210011201097-000000049
2100112016070000000003
2100112016100000000022
2100112020220000000063
2100112020290000000042
2100112020400000002591
2100112020490000001241
210011202072-000000050
2100112020940000000129
2100112020970000000001
2100112030400000000088
2100112030940000000031
2100112110220000006986
2100112110230000000003
2100112110250000000005
2100112110290000009005
2100112110400000008131
2100112110450000000010
2100112110480000000109
2100112110490000005355
2100112110520000000740
210011211072-000005427
210011211079-000003745
2100112110920000000189
2100112110940000000126
210011211097-000000033
2100112310010000002797
2100112310080000000034
2100112310230000000001
2100112310270000000080
2100112310290000003651
2100112310400000000108
2100112310490000000010
2100112310920000000028
2100112310940000000050
2100112320010000000343
210011232006-000000003
2100112320230000000590
2100112320290000001269
2100112320400000002817
2100112320450000002469
2100112320490000002054
2100112320600000000007
210011232079-000000318
2100112320940000000059
2100112320970000000069
2100112410010000003950
2100112410230000000001
2100112410290000001311
2100112410400000015581
2100112410450000002454
2100112410480000000259
2100112410490000005321
210011241071-000000274
210011241072-000000020
210011241079-000000225
2100112410940000000378
2100112420230000006719
2100112420290000000164
2100112420400000001036
2100112420470000000033
2100112420480000000047
2100112420490000001081
210011242079-000000148
2100112420940000000610
2100112710400000000023
210011271079-000000167
210011272059-000000167
2100112730920000000030
210011273097-000003368
2100112790010000000113
2100112790290000000377
2100112790400000000519
2100112790480000000237
2100112790600000000078
210011279078-000000401
210011279079-000000171
2100112790940000001909
210011279097-000001909
210011281078-000000803
2100112820220000005122
2100112820400000000559
210011282072-000006079
210011283077-000533595
210011284076-000000920
2100113810480000000244
210011383077-000682426
210011384076-000019182
2100114010400000001193
2100114020400000000285
2100114110400000004168
2100114320400000000006
2100130030040000000009
2100130040220000000019
2100130040290000000023
2100130040400000000170
2100130040450000023353
2100130040470000000012
2100130040490000002314
210013004072-000003098
2100130040940000004671
210013004097-000004388
2100130050000000044888
2100130050040000000085
2100130050270000002429
2100130050290000000520
2100130050400000000002
210013005079-000000044
210013099900-000000294
2100130999270000000294
2100130999470000000020
2100131040000000008960
2100131040230000000136
2100131040270000000043
2100131040290000000002
2100131040400000001638
2100131040450000038949
2100131040490000004921
2100131040910000000007
2100131040920000000015
210013105000-000031718
2100131050230000000528
2100131050270000002284
2100131050290000000176
2100131050400000001459
2100131050450000001522
2100131050490000000378
2100131050600000000128
2100131050910000000380
2100131050940000002854
210013199900-000004009
2100131999270000000097
2100131999290000000008
2100131999400000000110
2100131999450000002571
2100131999490000001031
2100131999600000000038
210013204000-000003502
2100132040400000000003
2100132040450000001742
2100132040490000000551
2100132050000000002376
2100132050270000000764
2100132050290000000880
2100132050400000000611
2100132050450000002326
2100132050490000000335
2103011410400000001764
210301150371-000001759
210301173094-000000005
2604010010070000000232
2604010010100000016677
2604010010400000000026
2604010010490000000044
260401001079-000000020
260401001091-000000862
2604010020220000000002
2604010020400000000597
2604010020490000000238
2604010020940000000004
2604010110220000000069
2604010110290000000017
2604010110400000000069
2604010110490000000064
2604010110940000000063
2604010310290000000227
2604010320010000000040
2604010320040000000024
2604010320400000000051
2604010320490000000171
2604010790490000000019
2604011010030000001039
260401101007-000000866
2604011010100000118625
2604011010220000000041
2604011010290000000061
2604011010400000021450
2604011010490000000707
260401101072-000000047
260401101079-000000001
2604011010910000005254
2604011010940000000173
260401101097-000000840
260401101610-000000050
2604011020220000000018
2604011020290000000011
260401102040-000000442
2604011020490000001510
2604011020940000000368
260401102097-000000254
2604011030400000000010
2604011110220000000205
2604011110290000000377
2604011110400000001016
2604011110490000001771
260401111072-000000050
260401111079-000000103
2604011110920000000023
2604011110940000000289
260401111097-000000161
2604011310010000000028
2604011310290000001225
2604011310400000000029
2604011310490000000889
260401131072-000000022
2604011310940000000011
2604011320010000000749
260401132023-000000041
2604011320290000000315
2604011320400000000957
2604011320450000000010
2604011320490000001989
2604011320600000000019
2604011320940000000029
2604011410010000000130
2604011410290000000011
260401141040-000000214
2604011410450000000332
2604011410490000002522
2604011410600000000027
260401141071-000000204
260401141094-000000021
2604011420230000000278
260401142040-000000077
2604011420490000000019
2604011710400000000001
2604011790220000000001
2604011790290000000048
2604011790400000000609
2604011790490000000524
260401179072-000000001
260401179076-000000004
2604011790770000000317
260401179097-000000035
260401183077-000031963
260401184076-000000207
2604012010070000000037
2604012010100000003821
2604012010290000000085
2604012010400000004240
2604012010490000000200
260401201072-000000047
2604012020290000000003
260401202040-000000384
2604012020490000000312
2604012020940000000125
2604012110220000000393
2604012110290000000343
260401211040-000000521
2604012110490000000196
2604012110520000000001
260401211072-000000149
2604012110920000000006
2604012110940000000001
260401211097-000000168
2604012310290000000652
2604012310920000000043
2604012320010000000088
2604012320230000000028
2604012320290000000727
260401232040-000001699
2604012320450000000008
2604012320490000000264
2604012320600000000001
2604012410010000000112
2604012410290000000078
260401241040-000002007
2604012410450000000119
2604012410490000002005
2604012410600000000022
260401241094-000000046
2604012420230000000527
260401242040-000000621
2604012420490000000124
260401381078-000000104
260401383077-000004052
2604014010400000000004
260501101040-000000062
2605011010490000000013
2605011010520000000089
260501103040-000007644
2605011030490000000574
2605011030520000007030
2605011320400000000021
2605011320490000000003
260501141040-000000029
2605011410490000000006
2605011790400000002751
260501183077-000016381
260501184076-000000115
2706010730910000015978
2706010730920000001043
2706010730940000027745
2706011730050000006390
2706011730940000055793
2706030999920000000075
2706030999940000001535
2807010730040000012336
2807010730940000000000
2807011730040000004044
2807011730940000012180
2807012730040000000167
290907083185-000315068
290907083285-000003029
290907183185-000040596
290907183285-000009535
290907383185-000018479
290917079086-000000822
290917184086-000001093
3100110001400000020318
3100110001490000000048
3100110001590000251285
310011000179-000027811
310011000189-000093326
3100110001940000003037
3100111001490000000405
3100111001590001154360
310011101003-000000028
3100111010510000008128
3100111110400000055014
3100111110490000004470
3100111710590000317549
310011179008-000006439
3100111790400000019020
3100111790510000023321
310011179076-000060900
310011179079-000002633
3100111810480000002633
310011184003-000022913
310011184076-000080364
3201010110400000000103
3201010110490000000120
3201010110590000005010
320101011079-000000220
3201011001590000031905
3201011110290000000011
3201011110400000000589
3201011110490000001065
3201011110940000000020
320101171059-000000025
320101171079-000000100
330201011040-000005026
330201111040-000004638
3302011110490000004638
3302210110400000015176
3302210110490000001460
330221011079-000001846
3302210110940000006000
3302310110400000004289
3302310110490000001562
330231011072-000000104
330231011079-000000019
330231011094-000000037
3302410110400000004935
3302410110490000000065
340301011040-000000273
3403010110490000002054
3403010110590000008198
3403011001590000054317
3403011110400000001257
3403011110490000000451
3403011110940000000005
3403011710590000000081
340301179078-000000220
3504010110290000001146
3504010110400000002619
3504010110450000001515
3504010110490000020057
3504010110940000000005
350401084076-000000106
3504011010100000022980
3504011010220000000002
3504011010290000000016
3504011010400000000369
3504011010490000000262
350401101079-000000074
3504011020290000000012
3504011020400000000088
3504011020490000000322
350401102072-000000033
3504011110220000000003
3504011110290000012338
3504011110400000009340
3504011110450000029361
3504011110480000000139
3504011110490000232266
3504011110520000000043
3504011110920000000001
3504011110940000000034
350401131000-000000265
3504011310010000000302
3504011310290000003723
3504011310400000000573
3504011310490000000069
350401131079-000000155
3504011310920000000176
3504011320010000000109
3504011320230000000225
3504011320290000000266
3504011320400000002398
3504011320450000000392
350401132048-000000155
3504011320490000003995
3504011320920000000006
3504011320940000000261
3504011410290000000047
3504011410400000000569
3504011410450000001663
3504011410470000000039
3504011410490000001447
3504011420230000003009
3504011420400000000286
3504011420490000001547
350401142079-000000118
3504011710400000005173
3504011710480000000150
3504011710490000000034
350401171076-000030000
350401172081-000000190
3504011790260000000286
3504011790290000000001
3504011790400000029884
3504011790480000002104
3504011790490000000060
350401179079-000011454
3504011790940000002010
350401179097-000002015
350401184076-000012689
350401381078-000000500
350401384076-000003165
350401384086-000021260
3504014010400000000001
3504031030260000001800
350411011040-000000350
3504110110490000003580
350411011079-000000002
3504111010400000000011
3504111010490000000001
3504111020490000000037
3504111110290000000465
3504111110400000000428
3504111110480000000020
3504111110490000009569
3504111110920000000001
3504111110940000000001
3504111320290000000067
3504111320480000000404
3504111320490000000083
3504111790400000000006
350411179079-000000045
3605010110290000000002
3605010110400000008505
3605010110490000008556
360501011079-000006760
360501011097-000002900
360501079079-000000286
3605011010070000000389
3605011010100000017036
3605011010220000000221
3605011010290000000010
3605011010400000001586
3605011010490000000126
3605011020290000000041
3605011020400000000111
3605011020490000000306
360501102079-000000198
3605011030400000001379
3605011110220000000173
3605011110290000000453
3605011110400000002860
3605011110490000040177
360501111072-000000029
360501111079-000002868
3605011110940000000243
3605011310290000000126
3605011310400000000111
3605011310490000000100
3605011320290000000072
3605011320400000000091
3605011320490000000177
3605011410010000000044
3605011410290000000010
3605011410400000000047
3605011410490000000793
3605011420230000000061
3605011420490000000053
3605011710400000000997
3605011710490000003614
3605011710590000017165
360501171078-000005890
3605011710790000007308
3605011720590000036970
360501172079-000056249
360501172081-000000518
3605011790060000000040
3605011790400000014690
3605011790490000000071
3605011790590000044804
360501179072-000006578
360501179076-000000300
360501179077-000000837
360501179079-000011879
360501381078-000005325
360501384086-000001285
3605014010400000000026
360511001007-000000247
3605110010100000032078
3605110010400000000440
360511001079-000001067
3605110010910000001356
360511001677-000000028
3605110020290000000013
3605110020400000000121
3605110020490000000103
3605110110220000000136
3605110110290000000252
3605110110400000000680
3605110110490000000460
360511011072-000000067
360511011079-000000049
3605110110920000000017
3605110110940000000079
3605110310290000000276
3605110320290000000035
3605110320400000000053
3605110320490000000151
3605111010030000000062
360511101005-000003725
360511101007-000000941
3605111010100000233306
3605111010220000000372
3605111010290000000107
3605111010400000004266
3605111010490000000652
3605111010520000000001
3605111010910000000657
3605111010940000000548
360511101097-000004928
3605111015100000008334
3605111015400000003541
3605111020220000000009
3605111020290000000017
3605111020400000000862
3605111020490000002768
3605111020940000000159
3605111030400000000055
3605111110220000000084
3605111110290000000687
3605111110400000001224
3605111110450000000002
3605111110490000009796
360511111072-000000497
360511111079-000000002
3605111110920000000004
3605111110940000000643
3605111310010000000136
3605111310290000001677
3605111310400000000061
3605111310490000000017
3605111310920000000001
3605111320230000000054
3605111320290000000437
3605111320400000002269
3605111320450000000119
3605111320490000000249
360511132079-000000005
3605111320940000000045
3605111410290000000002
3605111410400000000053
3605111410450000000071
3605111410490000000067
3605111420230000000022
3605111710400000002096
3605111710490000000191
3605111790290000000002
3605111790400000000132
3605111790490000000010
360511179078-000000003
360511179079-000000183
360511184076-000001184
360511401040-000000002
3605114020400000000005
370631073005-000002381
3706310730910000010855
3706310730920000000709
3706310730940000037873
370631073097-000023457
3706311730050000003833
3706311730910000001663
3706311730940000061935
370633099900-000001137
3706330999920000000051
3706330999940000001043
3706331999050000003733
370633199997-000003733
3807011730940000003121
380701173097-000000151
390907079086-000385032
390907084086-000190524
390907184086-000994476
390907384086-000318492
390917083085-000079704
390917179085-000091200
390917183085-000340884
390917383085-000133404
4100110110590000001342
4100111010220000000002
4100111010290000000001
4100111010400000000040
4100111010490000000002
4100111020400000000001
4100111110400000000085
4100111110490000000012
4100111310010000000075
4100111320290000000003
4100111320400000000007
4100111320450000000020
4100111320490000000002
4100111710400000004257
4100111710590000004955
4100111790400000000003
410011179059-000000016
4100210010400000000026
4100210010490000000278
4100210040100000009410
4100210040220000000305
4100210040290000000001
4100210040400000002136
4100210040490000000509
410021004079-000000028
4100210040940000000004
4100210110290000000018
4100210110400000000171
4100210110490000000034
4100210310290000000197
4100210320490000000066
410021101007-000000018
4100211010100000008298
4100211010220000000028
4100211010290000000006
4100211010400000003695
4100211010480000000035
4100211010490000000305
4100211010940000000064
410021101097-000000031
4100211020290000000001
4100211020400000000667
4100211020490000000585
4100211020940000000019
4100211040100000027540
4100211040290000000037
4100211040400000002064
4100211040490000000244
4100211040590000000293
4100211110220000000020
4100211110290000000557
4100211110400000001635
4100211110490000001754
410021111079-000000012
4100211110920000000001
4100211110940000000884
410021111097-000000001
4100211310290000000510
4100211310400000000002
4100211310490000000123
4100211320290000000005
4100211320400000000005
4100211320450000000008
4100211320490000000657
4100211320940000000008
4100211710400000002935
4100211790400000000000
410021179072-000000005
410021179079-000000052
420121001006-000000011
4201210010070000000888
4201210010100000099608
4201210010290000000005
4201210010400000000038
4201210010490000000264
420121001072-000000003
420121001091-000000608
4201210010940000000079
420121001097-000000045
4201210020220000000010
4201210020290000000131
4201210020400000001303
4201210020490000004372
420121002072-000000030
420121002079-000000174
4201210020920000000008
4201210020940000000156
420121002097-000002629
4201210110100000002960
4201210110220000000377
4201210110290000000360
4201210110400000014382
4201210110490000008467
420121011079-000009372
420121011092-000000072
4201210110940000000213
420121011097-000000415
4201210310290000000711
4201210310490000000043
4201210320010000004253
4201210320290000000013
4201210320400000000071
4201210320450000000145
4201210320490000001386
4201210320920000000002
420121032097-000000060
4201210410010000000031
420121041006-000000026
4201210410290000000270
4201210410400000008731
4201210410490000000259
420121041079-000010173
4201210790400000000010
4201211010030000004056
420121101005-000001819
420121101006-000000020
4201211010070000007905
4201211010100001200331
4201211010220000002758
4201211010290000006112
420121101040-000009485
4201211010450000000048
4201211010470000000004
4201211010490000023409
4201211010600000011074
420121101072-000002559
420121101078-000000013
420121101079-000000811
4201211010910000002359
4201211010920000001178
4201211010940000010164
420121101097-000024571
4201211016070000000002
4201211016100000000047
420121101677-000000292
4201211020220000000019
4201211020290000001185
4201211020400000009350
4201211020480000000004
4201211020490000019812
420121102072-000000662
420121102079-000005990
4201211020920000000176
4201211020940000003482
4201211020970000000064
4201211030060000016017
420121103040-000038557
4201211030490000002251
4201211030520000042531
4201211030940000000086
4201211110020000000063
4201211110220000007963
4201211110290000012945
420121111040-000008189
4201211110450000000009
4201211110480000000042
420121111049-000011061
420121111072-000019470
4201211110780000000013
420121111079-000007463
4201211110920000000825
420121111094-000001705
420121111097-000014055
420121131000-000003162
4201211310010000028497
4201211310020000000343
4201211310270000001214
4201211310290000007551
4201211310400000001113
4201211310450000000063
4201211310490000002040
420121131072-000001625
420121131079-000000912
4201211310920000000947
4201211310940000000061
420121131097-000000010
4201211320010000055539
420121132006-000020418
4201211320230000000234
4201211320290000012550
420121132040-000020667
4201211320450000015265
4201211320490000226913
420121132072-000006682
420121132079-000022397
420121132092-000001652
4201211320940000006363
420121132097-000008870
420121141000-000000851
4201211410010000031603
420121141005-000006408
4201211410290000000811
4201211410400000019900
4201211410450000009116
4201211410490000030792
420121141071-000000465
420121141072-000000231
420121141079-000003847
4201211410940000004713
420121141097-000007696
4201211420230000009832
4201211420400000000005
4201211420450000000014
4201211420490000001098
420121142060-000000001
420121142072-000000055
420121142079-000000284
420121142094-000000018
4201211710400000077381
4201211710490000000505
420121171079-000000957
420121172081-000001414
4201211790010000000035
4201211790020000000023
4201211790290000000147
4201211790400000002674
4201211790490000000992
4201211790520000000001
420121179072-000019556
420121179076-000001392
420121179077-000001235
420121179078-000003159
420121179079-000016273
4201211790910000000018
4201211790940000000997
420121179097-000045964
4201211830470000001267
4201211840460000000015
420121184076-000002261
4201214010400000001052
4201214020400000000001
4201214110400000000009
4201214820400000000002
420123102079-000000020
4201231030230000000063
4201231030400000000178
4201231030490000000190
420123103079-000017588
420123104000-000002476
4201231040230000000229
4201231040290000000114
4201231040400000000588
4201231040450000007291
4201231040490000001442
420123104071-000000014
420123104079-000000080
420123105000-000033092
4201231050220000000002
4201231050270000000172
4201231050290000002889
4201231050400000000307
4201231050490000034295
4201231050940000002069
4201231999000000007383
4201231999270000000413
4201231999290000000023
4201231999400000000533
4201231999490000000052
4201310010910000000406
4201310110220000000002
4201310110400000001846
4201310110490000021329
4201310110940000000111
4201311010030000000069
4201311010070000002637
4201311010100000342676
4201311010220000000608
4201311010290000000045
420131101040-000024530
4201311010490000028303
420131101072-000018876
420131101079-000001869
4201311010910000002949
4201311010940000001844
420131101097-000021177
4201311016100000000124
4201311016400000000006
4201311016490000000002
4201311020290000000494
4201311020400000001129
4201311020490000002849
420131102072-000000023
420131102079-000000422
4201311020940000000102
4201311030400000000263
4201311110220000000293
4201311110290000001354
420131111040-000009897
4201311110490000187946
4201311110520000000014
420131111072-000000136
420131111078-000000013
4201311110920000000034
4201311110940000006054
420131111097-000000002
4201311310010000017603
4201311310290000024861
4201311310400000000287
4201311310490000003209
420131131072-000000084
420131131079-000000006
420131131092-000005234
4201311310940000000001
420131131097-000009328
4201311320010000007241
4201311320290000044843
420131132040-000017617
4201311320450000000534
4201311320490000108301
420131132079-000040387
4201311320920000000025
420131132094-000023137
420131132097-000000284
4201311410010000000201
4201311410290000000002
4201311410400000000047
4201311410450000000050
4201311410490000000074
4201311410940000000052
4201311420230000007573
4201311420400000001878
4201311420490000000511
4201311420600000000001
420131179077-000002381
420131179078-000003474
420131179097-000000969
4201314010400000000005
4201314020400000000006
4201314110400000000002
420133105000-000007946
4201331050290000002747
4201331050400000000240
4201331050490000005428
4201331050940000002279
4201331999000000000048
4302110110400000000176
430211011079-000007406
4302110110940000078608
4302111010100000519063
430211101040-000192581
4302111010910000117765
4302111110400000013777
440311001003-000021901
4403110010510000018025
440311005040-000007116
4403110050510000147015
440311101003-000000459
4403111010100000274937
440311101040-000275000
4403111010510000772155
440311101079-000000669
4403111050510001475305
4403111110400000000001
4403111110490000000001
440311179003-000152126
440311179040-000004583
440312005076-000138365
440312105076-000764778
440312105086-000708016
4605111110400000000051
4605111110490000000100
4605111710400000050138
460511179002-000000049
4605111790070000000084
460511179040-000000034
460511179079-000000151
4605131030000000003222
460513103040-000003322
4605131030490000000101
460521003006-000025125
4605210030290000000047
4605210030400000016288
4605210030490000000687
4605210030940000000007
460521003097-000002175
4605210110290000000264
4605210110400000005296
460521011097-000001397
4605210320010000000030
4605211030060000013727
4605211030290000000005
4605211030400000010348
4605211030490000000020
4605211030520000020778
460521103097-000044577
4709910730080000088581
470991073097-001248874
4709911730090000230743
470991173094-000707787
470991173097-001103044
4709930999000000042288
470993099992-000001969
470993099994-000040318
470993199909-000009007
4709931999970000006521
5100540790600000001153
5100540790810000000019
5100540790890000000495
5100541790600000001886
5100541790810000000588
510074079089-000011914
5100741790600000010222
510074179081-000009933
5100840790600000000099
510084079081-000035596
510084079089-000009518
5100841790600000066784
510084179081-000075952
510104179081-000016212
528154179081-000005971
532214179081-000000382
532254179081-000010209
5322740790810000000194
5322741790600000003226
532274179081-000000808
5322741930810000002737
535314079004-000000095
535314079009-000012911
535314079097-000004949
535314179060-000007572
535314179081-000005345
5515241790600000000006
5525640790600000000358
5525641790600000010981
552594079060-000000016
5526142790600000000677
555634079060-000000134
5556342790600000000656
5556840790600000000030
5557040001600000000092
5557040790600000079554
5557040790810000008707
5557041001600000019200
5557041790600000099602
5557840929600000000428
5757840790600000035268
5757840790810000036151
575784079089-000060047
5757841790600000004002
575784179081-000002904
580952000281-002183546
5809520003810002185246
580952100281-007168780
5809521003810007248117
5809522003810000006237
590991073097-000076578
590991173094-000118659
5909911730970000062801
6100180790600000000101
6100181790600000000054
6100182790600000000659
610058079060-000937174
6100581790600001148251
6100582790600000001787
6100780790600000178639
6100781790810000014518
6100880790600001123226
6100880790810000725812
610088179060-000512313
6151380790600000739704
615138179060-000049078
6151382790600000000001
6281480790600000446126
6281481790600000056800
6281482790600000000336
628158079049-000000005
628158079060-000144907
628158179009-000002011
628158179060-000491213
6281582790600000001386
6281780790600000159115
628178179060-000348257
6281782790600000000140
628188079060-000000140
628188279060-000000001
628198100160-000000621
6281981790600000732883
6281982790600000000012
6322180790000000015928
6322180790600000000366
632218179060-000014072
6322480001600000084341
6322480002600000001931
632248079060-000086272
6322481001600000003117
6322580790600000171060
6322581790090000006439
6322581790600000016814
6322780790600000147508
6322780900600000005048
6322780901600001752200
632278090260-001606728
6322780903600001198529
6322780904600000180841
6322780905600001606728
632278090660-003019677
6322781790600000086639
632278190060-000002728
6322781901600000492500
632278190260-000617194
6322781903600000901214
6322781904600000216826
6322781905600000617194
632278190660-001614914
632278190760-000001584
632278190781-000000424
6353180790600000088898
6353181790090000027310
6424280790600000012744
6424281001600000004835
642428179060-000772403
6424282004600000000010
6424380790600000117932
6424381790600000018069
6424382790600000000001
6454690790400000000024
645469079060-000033901
645469179060-000015139
645469179081-000004851
645469279081-000000010
645479079060-000121569
645479179060-000005586
645479179081-000000038
6454792790600000000581
645479279081-000000354
6515291790600000763789
651529179081-000012563
651539090360-000019167
6515390906600000782245
651539190360-000609398
651539190381-000291816
6515391906600000617366
6515391906810000075865
652549179081-000108709
652549279081-000000060
652559079009-000907278
652559079060-000103380
6525591001090000534166
652559100181-000054873
6525591790090000763909
652559179060-000074161
652569079060-001546277
6525691790600000387140
652569179081-000210453
6525692790600000000003
652569279081-000000179
652579079060-000011191
652579179081-000008409
6525990790090000000600
652599079040-000000109
6525990790600000387549
652599079076-000012457
652599100181-000036540
652599100381-000000594
652599179060-001081990
652599179081-040586958
6525992790400000000025
6525992790600000000469
652599279081-000015670
652619079060-000000041
652619179060-000000102
652619279060-000000029
6526291790600000003239
6556390790600000017415
655639079081-000088415
655639279060-000012221
655639279081-000000354
655689079060-000015055
6557090790600001509887
655709079081-004202562
655709079089-000088000
6557091790600000028218
655739079009-000170338
655739079060-000047501
655739100181-000630835
655739179009-000885486
655779079060-000017234
6557890920600000049112
655789092160-000106570
655789092181-000180841
6557891920600001118704
655789192160-000125000
655799079000-000558043
6557990790060000112613
6557990790090000309334
655799079060-000106237
6557991001090000240032
6557991006090000003278
655799179000-000329561
6557991790060000003096
6557991790090000115833
655799179081-000379189
655799279000-000002161
6557992790090000001765
655799279060-000000796
6588080001000000281556
6588080002000000015979
6588080003000000028746
6588080004000000004471
6588080006000000007560
658808100100-000079551
658808100109-000081936
658808100300-000001639
658808100600-000002637
6588082004000000003217
6588180001000000856120
658818000109-001242499
6588180001600004610621
658818000200-000010120
658818000209-000019085
6588180002600000074556
6588180003000000178256
658818000309-000076872
6588180003600000224546
658818000400-000002522
658818000409-000005187
6588180004600000023847
6588180006000000052052
658818000609-000040750
6588180006600000150569
6588181001000003236590
658818100109-002050362
6588181002000000001351
658818100209-000000351
6588181003000000127827
658818100309-000125077
6588181004000000007880
658818100409-000000711
658818100509-000000044
6588181006000000278591
658818100609-000070805
658818200200-000006356
658818200209-000016945
6588182004000000097427
658818200409-000011557
6588280001000001119815
658828000109-000753328
6588280001600000346844
6588280002000000018080
658828000209-000009848
6588280002600000004795
6588280003000000022214
658828000309-000017035
6588280003600000003385
6588280004000000003505
658828000409-000002277
6588280004600000000585
658828000500-000003199
658828000509-000000707
6588280005600000003906
6588280006000000011787
658828000609-000005331
6588280006600000002036
6588281001000002708427
658828100109-001532870
6588281002000000000754
658828100209-000000263
6588281003000000010875
658828100309-000009013
6588281004000000000225
658828100409-000000311
6588281005000000001143
658828100509-000000746
6588281006000000042915
658828100609-000014046
6588282002000000005235
658828200209-000007362
6588282004000000010980
658828200409-000002762
6588380001000000644143
658838000109-000411596
6588380001600000060566
6588380002000000000894
658838000209-000001568
6588380002600000000694
6588380003000000011610
658838000309-000007763
6588380003600000001740
6588380004000000000606
658838000409-000000601
6588380004600000000154
658838000509-000000024
6588380005600000000024
6588380006000000069984
658838000609-000064433
6588380006600000000775
6588381001000001246329
658838100109-001070839
6588381002000000000260
658838100209-000000226
6588381003000000008594
658838100309-000010320
6588381004000000002102
658838100409-000000857
6588381005000000000122
6588381005090000000122
6588381006000000143883
658838100609-000125181
6588381790000000019056
6588381790090000019056
6588382002000000000863
658838200209-000000631
6588382004000000003798
6588382004090000000001
6588480001000001411790
6588480001600000102000
658848000300-000128379
6588480005000000000007
6588480006000000057425
6588480006600000015159
658848100100-000864267
6588481002000000003696
658848100300-000012041
658848100500-000000007
658848100600-000067177
6588481790000001974498
6588482003000000000105
6588482004000000000326
6588482790000000000933
6628580001000000006204
662858000109-000061123
6628580001600000042851
6628581001000000086094
662858100109-000047689
662858100309-000000055
6628581006000000030433
662858100609-000007192
6628582002000000006293
662858200209-000001364
665868000102-000001997
6658680001090000035033
6658680001600000046629
665868100100-000106054
6658681001090000207831
6658681001600000014937
6658681003600000000046
6658681005600000000006
6658681006600000000173
6658681790600000003418
6658682004600000000008
668878000300-000008908
6688781001000000006178
668878100300-000002347
6688781006000000001571
672909000109-000786568
672909000160-001515359
672909000360-000053174
672909000460-000007487
672909079009-000657190
6729090790400000000263
672909079060-000030358
672909100109-000832336
6729091001600000004583
672909100260-000005114
6729091003600000295027
672909100381-000053483
672909100460-000007961
6729091790090003918098
672909179060-000068250
672909179081-000018834
672909199960-000001857
675949079000-001687333
675949079009-000371004
6759491001090000038968
6759491003090000000057
675949179000-000829335
6759491790090000344435
6759492004090000000034
6759492790000000000099
675969079060-000940580
6759691790090000261961
6759691790600000000467
675989079060-000152261
675989179009-000012510
675989179081-000193566
6759990790000000196397
6759990790010000014176
675999079002-000000042
6759990790040000000227
675999079006-000000023
6759990790090002622925
675999079060-001928466
6759991790000000045199
6759991790090001331957
675999179060-000029856
675999179081-004299353
6759991999000000008790
6759991999600000032666
675999199981-000026510
675999279081-000026457
